0.900000      0.
1.100000      0.
31.320000     0.
31.520000     0.
61.740000     0.
61.940000     0.
92.160000     0.
92.360000     0.
122.580000    0.
122.780000    0.
153.000000    0.
153.200000    0.
183.420000    0.
183.620000    0.
213.840000    0.
214.040000    0.
244.260000    0.
244.460000    0.
274.680000    0.
274.880000    0.
305.100000    0.
305.300000    0.
335.520000    0.
335.720000    0.
365.940000    0.
366.140000    0.
396.360000    0.
396.560000    0.
426.780000    0.
426.980000    0.
457.200000    0.
457.400000    0.
487.620000    0.
487.820000    0.
518.040000    0.
518.240000    0.
548.460000    0.
548.660000    0.
578.880000    0.
579.080000    0.
609.300000    0.
609.500000    0.
639.720000    0.
639.920000    0.
670.140000    0.
670.340000    0.
700.560000    0.
700.760000    0.
730.980000    0.
731.180000    0.
761.400000    0.
761.600000    0.
791.820000    0.
792.020000    0.
822.240000    0.
822.440000    0.
852.660000    0.
852.860000    0.
883.080000    0.
883.280000    0.
913.500000    0.
913.700000    0.
943.920000    0.
944.120000    0.
974.340000    0.
974.540000    0.
1004.760000   0.
1004.960000   0.
1035.180000   0.
1035.380000   0.
1065.600000   0.
1065.800000   0.
1096.020000   0.
1096.220000   0.
1126.440000   0.
1126.640000   0.
1156.860000   0.
1157.060000   0.
1187.280000   0.
1187.480000   0.
1217.700000   0.
1217.900000   0.
1248.120000   0.
1248.320000   0.
1278.540000   0.
1278.740000   0.
1308.960000   0.
1309.160000   0.
1339.380000   0.
1339.580000   0.
1369.800000   0.
1370.000000   0.
1400.220000   0.
1400.420000   0.
1430.640000   0.
1430.840000   0.
1461.060000   0.
1461.260000   0.
1491.480000   0.
1491.680000   0.
1521.900000   0.
1522.100000   0.
1552.320000   0.
1552.520000   0.
1582.740000   0.
1582.940000   0.
1613.160000   0.
1613.360000   0.
1643.580000   0.
1643.780000   0.
1674.000000   0.
1674.200000   0.
1704.420000   0.
1704.620000   0.
1734.840000   0.
1735.040000   0.
1765.260000   0.
1765.460000   0.
1795.680000   0.
1795.880000   0.
1826.100000   0.
1826.300000   0.
1856.520000   0.
1856.720000   0.
1886.940000   0.
1887.140000   0.
1917.360000   0.
1917.560000   0.
1947.780000   0.
1947.980000   0.
1978.200000   0.
1978.400000   0.
2008.620000   0.
2008.820000   0.
2039.040000   0.
2039.240000   0.
2069.460000   0.
2069.660000   0.
2099.880000   0.
2100.080000   0.
2130.300000   0.
2130.500000   0.
2160.720000   0.
2160.920000   0.
2191.140000   0.
2191.340000   0.
2221.560000   0.
2221.760000   0.
2251.980000   0.
2252.180000   0.
2282.400000   0.
2282.600000   0.
2312.820000   0.
2313.020000   0.
2343.240000   0.
2343.440000   0.
2373.660000   0.
2373.860000   0.
2404.080000   0.
2404.280000   0.
2434.500000   0.
2434.700000   0.
2464.920000   0.
2465.120000   0.
2495.340000   0.
2495.540000   0.
2525.760000   0.
2525.960000   0.
2556.180000   0.
2556.380000   0.
2586.600000   0.
2586.800000   0.
2617.020000   0.
2617.220000   0.
2647.440000   0.
2647.640000   0.
2677.860000   0.
2678.060000   0.
2708.280000   0.
2708.480000   0.
2738.700000   0.
2738.900000   0.
2769.120000   0.
2769.320000   0.
2799.540000   0.
2799.740000   0.
2829.960000   0.
2830.160000   0.
2860.380000   0.
2860.580000   0.
2890.800000   0.
2891.000000   0.
2921.220000   0.
2921.420000   0.
2951.640000   0.
2951.840000   0.
2982.060000   0.
2982.260000   0.
3012.480000   0.
3012.680000   0.
3042.900000   0.
3043.100000   0.
3073.320000   0.
3073.520000   0.
3103.740000   0.
3103.940000   0.
3134.160000   0.
3134.360000   0.
3164.580000   0.
3164.780000   0.
3195.000000   0.
3195.200000   0.
3225.420000   0.
3225.620000   0.
3255.840000   0.
3256.040000   0.
3286.260000   0.
3286.460000   0.
3316.680000   0.
3316.880000   0.
3347.100000   0.
3347.300000   0.
3377.520000   0.
3377.720000   0.
3407.940000   0.
3408.140000   0.
3438.360000   0.
3438.560000   0.
3468.780000   0.
3468.980000   0.
3499.200000   0.
3499.400000   0.
3529.620000   0.
3529.820000   0.
3560.040000   0.
3560.240000   0.
3590.460000   0.
3590.660000   0.
3620.880000   0.
3621.080000   0.
3651.300000   0.
3651.500000   0.