#  IRR1  IRR2  IRR3  IRR4 IRR5 IRR6
1 0.8    0.7   0.6   1.   0.  0.
2 0.8    0.7   0.6   1.   0.  0.
3 0.9    0.8   0.7   1.   0.  0.
4 0.9    0.8   0.7   1.   0.  0.
5 0.7    0.6   0.5   1.   0.  0.
6 0.75   0.6   0.5   1.   0.  0.     
7 0.     0.    0.    0.   0.  0.     
8 0.     0.    0.    0.   0.  0.  
#
#
#1  0.8   0.7   0.6   1.
#2  0.8   0.7   0.6   1.
#3  0.9   0.8   0.7   1.
#4  0.9   0.8   0.7   1.
#5  0.7   0.6   0.5   1.
#6  0.75  0.6   0.5   1.     
#7  0.    0.    0.    0.     
#8  0.    0.    0.    0.    
