0.01,0
0.02,0
0.03,0
0.04,0
0.05,0
0.06,0
0.07,0
0.08,0
0.09,0
0.1,0
0.11,0
0.12,0
0.13,0
0.14,0
0.15,0
0.16,0
0.17,0
0.18,0
0.19,0
0.2,0
0.21,0
0.22,0
0.23,0
0.24,0
0.25,0
0.26,0
0.27,0
0.28,0
0.29,0
0.3,0
0.31,0
0.32,0
0.33,0
0.34,0
0.35,0
0.36,0
0.37,0
0.38,0
0.39,0
0.4,0
0.41,0
0.42,0
0.43,0
0.44,0
0.45,0
0.46,0
0.47,0
0.48,0
0.49,0
0.5,0
0.51,0
0.52,0
0.53,0
0.54,0
0.55,0
0.56,0
0.57,0
0.58,0
0.59,0
0.6,0
0.61,0
0.62,0
0.63,0
0.64,0
0.65,0
0.66,0
0.67,0
0.68,0
0.69,0
0.7,0
0.71,0
0.72,0
0.73,0
0.74,0
0.75,0
0.76,0
0.77,0
0.78,0
0.79,0
0.8,0
0.81,0
0.82,0
0.83,0
0.84,0
0.85,0
0.86,0
0.87,0
0.88,0
0.89,0
0.9,0
0.91,0
0.92,0
0.93,0
0.94,0
0.95,0
0.96,0
0.97,0
0.98,0
0.99,0
1,0
1.01,0
1.02,0
1.03,0
1.04,0
1.05,0
1.06,0
1.07,0
1.08,0
1.09,0
1.1,0
1.11,0
1.12,0
1.13,0
1.14,0
1.15,0
1.16,0
1.17,0
1.18,0
1.19,0
1.2,0
1.21,0
1.22,0
1.23,0
1.24,0
1.25,0
1.26,0
1.27,0
1.28,0
1.29,0
1.3,0
1.31,0
1.32,0
1.33,0
1.34,0
1.35,0
1.36,2.8026e-045
1.37,7.00649e-045
1.38,1.96182e-044
1.39,5.04467e-044
1.4,1.24716e-043
1.41,3.04082e-043
1.42,7.32879e-043
1.43,1.75162e-042
1.44,4.15765e-042
1.45,9.79928e-042
1.46,2.29252e-041
1.47,5.32563e-041
1.48,1.22853e-040
1.49,2.81426e-040
1.5,6.40232e-040
1.51,1.44654e-039
1.52,3.24616e-039
1.53,7.23566e-039
1.54,1.60207e-038
1.55,3.52371e-038
1.56,7.69947e-038
1.57,1.67142e-037
1.58,3.60494e-037
1.59,7.7254e-037
1.6,1.64504e-036
1.61,3.48087e-036
1.62,7.31941e-036
1.63,1.52955e-035
1.64,3.17668e-035
1.65,6.5573e-035
1.66,1.34537e-034
1.67,2.74374e-034
1.68,5.56226e-034
1.69,1.12095e-033
1.7,2.2458e-033
1.71,4.47326e-033
1.72,8.8586e-033
1.73,1.74427e-032
1.74,3.41502e-032
1.75,6.64846e-032
1.76,1.28711e-031
1.77,2.47799e-031
1.78,4.7445e-031
1.79,9.03455e-031
1.8,1.71107e-030
1.81,3.22324e-030
1.82,6.03948e-030
1.83,1.12566e-029
1.84,2.08706e-029
1.85,3.84945e-029
1.86,7.06348e-029
1.87,1.28947e-028
1.88,2.34204e-028
1.89,4.2324e-028
1.9,7.61035e-028
1.91,1.36165e-027
1.92,2.42431e-027
1.93,4.29523e-027
1.94,7.5732e-027
1.95,1.32887e-026
1.96,2.32068e-026
1.97,4.03358e-026
1.98,6.97793e-026
1.99,1.20154e-025
2,2.05942e-025
2.01,3.51365e-025
2.02,5.96757e-025
2.03,1.00897e-024
2.04,1.69829e-024
2.05,2.84588e-024
2.06,4.74798e-024
2.07,7.88685e-024
2.08,1.30441e-023
2.09,2.14811e-023
2.1,3.52247e-023
2.11,5.75173e-023
2.12,9.35246e-023
2.13,1.51441e-022
2.14,2.44212e-022
2.15,3.92202e-022
2.16,6.27316e-022
2.17,9.99332e-022
2.18,1.58561e-021
2.19,2.50585e-021
2.2,3.94463e-021
2.21,6.18527e-021
2.22,9.66113e-021
2.23,1.50323e-020
2.24,2.33007e-020
2.25,3.59805e-020
2.26,5.53522e-020
2.27,8.48369e-020
2.28,1.29548e-019
2.29,1.97099e-019
2.3,2.98785e-019
2.31,4.51301e-019
2.32,6.79236e-019
2.33,1.01867e-018
2.34,1.52236e-018
2.35,2.26716e-018
2.36,3.36468e-018
2.37,4.97637e-018
2.38,7.335e-018
2.39,1.0775e-017
2.4,1.57754e-017
2.41,2.30194e-017
2.42,3.34792e-017
2.43,4.85327e-017
2.44,7.01264e-017
2.45,1.01002e-016
2.46,1.45006e-016
2.47,2.07524e-016
2.48,2.96061e-016
2.49,4.21056e-016
2.5,5.96972e-016
2.51,8.43788e-016
2.52,1.18902e-015
2.53,1.67045e-015
2.54,2.33977e-015
2.55,3.26756e-015
2.56,4.54978e-015
2.57,6.31666e-015
2.58,8.74425e-015
2.59,1.207e-014
2.6,1.66131e-014
2.61,2.28015e-014
2.62,3.12072e-014
2.63,4.25927e-014
2.64,5.79713e-014
2.65,7.86864e-014
2.66,1.06513e-013
2.67,1.43792e-013
2.68,1.93599e-013
2.69,2.59965e-013
2.7,3.48163e-013
2.71,4.65067e-013
2.72,6.19613e-013
2.73,8.23395e-013
2.74,1.09141e-012
2.75,1.443e-012
2.76,1.90307e-012
2.77,2.50357e-012
2.78,3.28542e-012
2.79,4.30088e-012
2.8,5.61652e-012
2.81,7.31694e-012
2.82,9.50936e-012
2.83,1.23294e-011
2.84,1.59481e-011
2.85,2.05808e-011
2.86,2.64977e-011
2.87,3.40372e-011
2.88,4.36224e-011
2.89,5.57805e-011
2.9,7.11673e-011
2.91,9.05964e-011
2.92,1.15075e-010
2.93,1.45848e-010
2.94,1.84449e-010
2.95,2.32763e-010
2.96,2.93104e-010
2.97,3.68306e-010
2.98,4.61828e-010
2.99,5.7789e-010
3,7.21623e-010
3.01,8.99254e-010
3.02,1.11833e-009
3.03,1.38796e-009
3.04,1.71914e-009
3.05,2.12512e-009
3.06,2.62179e-009
3.07,3.2282e-009
3.08,3.96715e-009
3.09,4.86586e-009
3.1,5.95675e-009
3.11,7.27839e-009
3.12,8.87653e-009
3.13,1.08054e-008
3.14,1.3129e-008
3.15,1.5923e-008
3.16,1.92765e-008
3.17,2.3294e-008
3.18,2.80984e-008
3.19,3.38334e-008
3.2,4.0667e-008
3.21,4.87952e-008
3.22,5.84464e-008
3.23,6.98859e-008
3.24,8.34216e-008
3.25,9.94099e-008
3.26,1.18263e-007
3.27,1.40457e-007
3.28,1.6654e-007
3.29,1.97143e-007
3.3,2.32988e-007
3.31,2.74905e-007
3.32,3.23844e-007
3.33,3.80887e-007
3.34,4.47272e-007
3.35,5.24403e-007
3.36,6.13881e-007
3.37,7.17518e-007
3.38,8.37369e-007
3.39,9.75757e-007
3.4,1.1353e-006
3.41,1.31897e-006
3.42,1.53007e-006
3.43,1.77235e-006
3.44,2.05e-006
3.45,2.36772e-006
3.46,2.73076e-006
3.47,3.14498e-006
3.48,3.61691e-006
3.49,4.15383e-006
3.5,4.76382e-006
3.51,5.45585e-006
3.52,6.23987e-006
3.53,7.12686e-006
3.54,8.12898e-006
3.55,9.25962e-006
3.56,1.05335e-005
3.57,1.19669e-005
3.58,1.35777e-005
3.59,1.53853e-005
3.6,1.74112e-005
3.61,1.96787e-005
3.62,2.22135e-005
3.63,2.50433e-005
3.64,2.81985e-005
3.65,3.17121e-005
3.66,3.56198e-005
3.67,3.99604e-005
3.68,4.4776e-005
3.69,5.0112e-005
3.7,5.60174e-005
3.71,6.2545e-005
3.72,6.97519e-005
3.73,7.76992e-005
3.74,8.64527e-005
3.75,9.60827e-005
3.76,0.000106665
3.77,0.00011828
3.78,0.000131013
3.79,0.000144958
3.8,0.000160212
3.81,0.000176878
3.82,0.000195068
3.83,0.000214899
3.84,0.000236496
3.85,0.000259989
3.86,0.000285519
3.87,0.000313231
3.88,0.00034328
3.89,0.00037583
3.9,0.000411052
3.91,0.000449124
3.92,0.000490236
3.93,0.000534585
3.94,0.000582376
3.95,0.000633826
3.96,0.000689159
3.97,0.000748609
3.98,0.00081242
3.99,0.000880844
4,0.000954144
4.01,0.00103259
4.02,0.00111647
4.03,0.00120606
4.04,0.00130168
4.05,0.00140362
4.06,0.00151222
4.07,0.00162778
4.08,0.00175066
4.09,0.00188119
4.1,0.00201972
4.11,0.00216663
4.12,0.00232226
4.13,0.002487
4.14,0.00266124
4.15,0.00284534
4.16,0.00303972
4.17,0.00324477
4.18,0.00346088
4.19,0.00368848
4.2,0.00392796
4.21,0.00417974
4.22,0.00444423
4.23,0.00472186
4.24,0.00501304
4.25,0.00531818
4.26,0.00563771
4.27,0.00597204
4.28,0.00632157
4.29,0.00668673
4.3,0.00706791
4.31,0.00746552
4.32,0.00787994
4.33,0.00831158
4.34,0.0087608
4.35,0.00922798
4.36,0.00971349
4.37,0.0102177
4.38,0.0107409
4.39,0.0112834
4.4,0.0118456
4.41,0.0124278
4.42,0.0130303
4.43,0.0136533
4.44,0.0142971
4.45,0.0149619
4.46,0.015648
4.47,0.0163556
4.48,0.0170849
4.49,0.017836
4.5,0.0186091
4.51,0.0194044
4.52,0.0202219
4.53,0.0210617
4.54,0.0219239
4.55,0.0228087
4.56,0.0237159
4.57,0.0246456
4.58,0.0255978
4.59,0.0265725
4.6,0.0275696
4.61,0.028589
4.62,0.0296306
4.63,0.0306943
4.64,0.0317799
4.65,0.0328873
4.66,0.0340164
4.67,0.0351668
4.68,0.0363384
4.69,0.0375308
4.7,0.038744
4.71,0.0399774
4.72,0.0412309
4.73,0.0425042
4.74,0.0437968
4.75,0.0451084
4.76,0.0464386
4.77,0.0477871
4.78,0.0491534
4.79,0.0505371
4.8,0.0519378
4.81,0.0533551
4.82,0.0547884
4.83,0.0562373
4.84,0.0577013
4.85,0.0591799
4.86,0.0606727
4.87,0.0621791
4.88,0.0636985
4.89,0.0652306
4.9,0.0667748
4.91,0.0683304
4.92,0.0698971
4.93,0.0714742
4.94,0.0730613
4.95,0.0746578
4.96,0.0762631
4.97,0.0778768
4.98,0.0794983
4.99,0.081127
5,0.0827625
5.01,0.0844042
5.02,0.0860517
5.03,0.0877043
5.04,0.0893616
5.05,0.0910231
5.06,0.0926883
5.07,0.0943567
5.08,0.0960279
5.09,0.0977013
5.1,0.0993766
5.11,0.10105
5.12,0.10273
5.13,0.10441
5.14,0.10609
5.15,0.10777
5.16,0.10944
5.17,0.11112
5.18,0.11279
5.19,0.11447
5.2,0.11614
5.21,0.11781
5.22,0.11947
5.23,0.12113
5.24,0.12279
5.25,0.12445
5.26,0.1261
5.27,0.12775
5.28,0.12939
5.29,0.13103
5.3,0.13267
5.31,0.1343
5.32,0.13592
5.33,0.13754
5.34,0.13915
5.35,0.14076
5.36,0.14236
5.37,0.14396
5.38,0.14555
5.39,0.14713
5.4,0.14871
5.41,0.15028
5.42,0.15185
5.43,0.1534
5.44,0.15496
5.45,0.1565
5.46,0.15804
5.47,0.15958
5.48,0.1611
5.49,0.16262
5.5,0.16414
5.51,0.16564
5.52,0.16714
5.53,0.16864
5.54,0.17012
5.55,0.17161
5.56,0.17308
5.57,0.17455
5.58,0.17601
5.59,0.17747
5.6,0.17892
5.61,0.18036
5.62,0.1818
5.63,0.18323
5.64,0.18466
5.65,0.18608
5.66,0.18749
5.67,0.1889
5.68,0.1903
5.69,0.1917
5.7,0.19309
5.71,0.19448
5.72,0.19586
5.73,0.19724
5.74,0.19861
5.75,0.19998
5.76,0.20134
5.77,0.2027
5.78,0.20405
5.79,0.2054
5.8,0.20675
5.81,0.20809
5.82,0.20942
5.83,0.21076
5.84,0.21209
5.85,0.21341
5.86,0.21473
5.87,0.21605
5.88,0.21736
5.89,0.21867
5.9,0.21998
5.91,0.22128
5.92,0.22258
5.93,0.22388
5.94,0.22517
5.95,0.22646
5.96,0.22775
5.97,0.22903
5.98,0.23031
5.99,0.23159
6,0.23287
6.01,0.23414
6.02,0.23542
6.03,0.23669
6.04,0.23795
6.05,0.23922
6.06,0.24048
6.07,0.24174
6.08,0.243
6.09,0.24426
6.1,0.24551
6.11,0.24676
6.12,0.24801
6.13,0.24926
6.14,0.25051
6.15,0.25175
6.16,0.253
6.17,0.25424
6.18,0.25548
6.19,0.25672
6.2,0.25796
6.21,0.25919
6.22,0.26043
6.23,0.26166
6.24,0.26289
6.25,0.26412
6.26,0.26535
6.27,0.26658
6.28,0.26781
6.29,0.26903
6.3,0.27025
6.31,0.27148
6.32,0.2727
6.33,0.27392
6.3401,0.27514
6.3501,0.27636
6.3601,0.27758
6.3701,0.27879
6.3801,0.28001
6.3901,0.28122
6.4001,0.28244
6.4101,0.28365
6.4201,0.28486
6.4301,0.28607
6.4401,0.28728
6.4501,0.28849
6.4601,0.2897
6.4701,0.2909
6.4801,0.29211
6.4901,0.29331
6.5001,0.29452
6.5101,0.29572
6.5201,0.29692
6.5301,0.29812
6.5401,0.29932
6.5501,0.30052
6.5601,0.30172
6.5701,0.30292
6.5801,0.30412
6.5901,0.30531
6.6001,0.30651
6.6101,0.3077
6.6201,0.3089
6.6301,0.31009
6.6401,0.31128
6.6501,0.31247
6.6601,0.31366
6.6701,0.31485
6.6801,0.31604
6.6901,0.31723
6.7001,0.31842
6.7101,0.3196
6.7201,0.32079
6.7301,0.32197
6.7401,0.32316
6.7501,0.32434
6.7601,0.32552
6.7701,0.3267
6.7801,0.32788
6.7901,0.32906
6.8001,0.33024
6.8101,0.33142
6.8201,0.3326
6.8301,0.33377
6.8401,0.33495
6.8501,0.33612
6.8601,0.33729
6.8701,0.33847
6.8801,0.33964
6.8901,0.34081
6.9001,0.34198
6.9101,0.34315
6.9201,0.34432
6.9301,0.34548
6.9401,0.34665
6.9501,0.34782
6.9601,0.34898
6.9701,0.35014
6.9801,0.35131
6.9901,0.35247
7.0001,0.35363
7.0101,0.35479
7.0201,0.35595
7.0301,0.35711
7.0401,0.35826
7.0501,0.35942
7.0601,0.36058
7.0701,0.36173
7.0801,0.36288
7.0901,0.36404
7.1001,0.36519
7.1101,0.36634
7.1201,0.36749
7.1301,0.36864
7.1401,0.36978
7.1501,0.37093
7.1601,0.37208
7.1701,0.37322
7.1801,0.37437
7.1901,0.37551
7.2001,0.37665
7.2101,0.37779
7.2201,0.37893
7.2301,0.38007
7.2401,0.38121
7.2501,0.38234
7.2601,0.38348
7.2701,0.38462
7.2801,0.38575
7.2901,0.38688
7.3001,0.38801
7.3101,0.38914
7.3201,0.39027
7.3301,0.3914
7.3401,0.39253
7.3501,0.39366
7.3601,0.39478
7.3701,0.39591
7.3801,0.39703
7.3901,0.39815
7.4001,0.39927
7.4101,0.40039
7.4201,0.40151
7.4301,0.40263
7.4401,0.40375
7.4501,0.40486
7.4601,0.40598
7.4701,0.40709
7.4801,0.40821
7.4901,0.40932
7.5001,0.41043
7.5101,0.41154
7.5201,0.41265
7.5301,0.41375
7.5401,0.41486
7.5501,0.41596
7.5601,0.41707
7.5701,0.41817
7.5801,0.41927
7.5901,0.42037
7.6001,0.42147
7.6101,0.42257
7.6201,0.42367
7.6301,0.42476
7.6401,0.42586
7.6501,0.42695
7.6601,0.42804
7.6701,0.42914
7.6801,0.43023
7.6901,0.43131
7.7001,0.4324
7.7101,0.43349
7.7201,0.43457
7.7301,0.43566
7.7401,0.43674
7.7501,0.43782
7.7601,0.43891
7.7701,0.43999
7.7801,0.44106
7.7901,0.44214
7.8001,0.44322
7.8101,0.44429
7.8201,0.44537
7.8301,0.44644
7.8401,0.44751
7.8501,0.44858
7.8601,0.44965
7.8701,0.45072
7.8801,0.45178
7.8901,0.45285
7.9001,0.45391
7.9101,0.45498
7.9201,0.45604
7.9301,0.4571
7.9401,0.45816
7.9501,0.45922
7.9601,0.46027
7.9701,0.46133
7.9801,0.46238
7.9901,0.46344
8.0001,0.46449
8.0101,0.46554
8.0201,0.46659
8.0301,0.46764
8.0401,0.46868
8.0501,0.46973
8.0601,0.47078
8.0701,0.47182
8.0801,0.47286
8.0901,0.4739
8.1001,0.47494
8.1101,0.47598
8.1201,0.47702
8.1301,0.47805
8.1401,0.47909
8.1501,0.48012
8.1601,0.48115
8.1701,0.48218
8.1801,0.48321
8.1901,0.48424
8.2001,0.48527
8.2101,0.48629
8.2201,0.48732
8.2301,0.48834
8.2401,0.48936
8.2501,0.49038
8.2601,0.4914
8.2701,0.49242
8.2801,0.49344
8.2901,0.49445
8.3001,0.49547
8.3101,0.49648
8.3201,0.49749
8.3301,0.4985
8.3401,0.49951
8.3501,0.50052
8.3601,0.50153
8.3701,0.50253
8.3801,0.50354
8.3901,0.50454
8.4001,0.50554
8.4101,0.50654
8.4201,0.50754
8.4301,0.50854
8.4401,0.50953
8.4501,0.51053
8.4601,0.51152
8.4701,0.51251
8.4801,0.5135
8.4901,0.51449
8.5001,0.51548
8.5101,0.51647
8.5201,0.51745
8.5301,0.51844
8.5401,0.51942
8.5501,0.5204
8.5601,0.52138
8.5701,0.52236
8.5801,0.52334
8.5901,0.52432
8.6001,0.52529
8.6101,0.52626
8.6201,0.52724
8.6301,0.52821
8.6401,0.52918
8.6501,0.53015
8.6601,0.53111
8.6701,0.53208
8.6801,0.53304
8.6901,0.53401
8.7001,0.53497
8.7101,0.53593
8.7201,0.53689
8.7301,0.53784
8.7401,0.5388
8.7501,0.53976
8.7601,0.54071
8.7701,0.54166
8.7801,0.54261
8.7901,0.54356
8.8001,0.54451
8.8101,0.54546
8.8201,0.5464
8.8301,0.54735
8.8401,0.54829
8.8501,0.54923
8.8601,0.55017
8.8701,0.55111
8.8801,0.55205
8.8901,0.55299
8.9001,0.55392
8.9101,0.55485
8.9201,0.55579
8.9301,0.55672
8.9401,0.55765
8.9501,0.55858
8.9601,0.5595
8.9701,0.56043
8.9801,0.56135
8.9901,0.56227
9.0001,0.5632
9.0101,0.56412
9.0201,0.56503
9.0301,0.56595
9.0401,0.56687
9.0501,0.56778
9.0601,0.5687
9.0701,0.56961
9.0801,0.57052
9.0901,0.57143
9.1001,0.57234
9.1101,0.57324
9.1201,0.57415
9.1301,0.57505
9.1401,0.57595
9.1501,0.57685
9.1601,0.57775
9.1701,0.57865
9.1801,0.57955
9.1901,0.58045
9.2001,0.58134
9.2101,0.58223
9.2201,0.58312
9.2301,0.58401
9.2401,0.5849
9.2501,0.58579
9.2601,0.58668
9.2701,0.58756
9.2801,0.58844
9.2901,0.58933
9.3001,0.59021
9.3101,0.59109
9.3201,0.59196
9.3301,0.59284
9.3401,0.59372
9.3501,0.59459
9.3601,0.59546
9.3701,0.59633
9.3801,0.5972
9.3901,0.59807
9.4001,0.59894
9.4101,0.5998
9.4201,0.60067
9.4301,0.60153
9.4401,0.60239
9.4501,0.60325
9.4601,0.60411
9.4701,0.60497
9.4801,0.60583
9.4901,0.60668
9.5001,0.60753
9.5101,0.60839
9.5201,0.60924
9.5301,0.61009
9.5401,0.61093
9.5501,0.61178
9.5601,0.61263
9.5701,0.61347
9.5801,0.61431
9.5901,0.61515
9.6001,0.61599
9.6101,0.61683
9.6201,0.61767
9.6301,0.61851
9.6401,0.61934
9.6501,0.62017
9.6601,0.62101
9.6701,0.62184
9.6801,0.62266
9.6901,0.62349
9.7001,0.62432
9.7101,0.62514
9.7201,0.62597
9.7301,0.62679
9.7401,0.62761
9.7501,0.62843
9.7601,0.62925
9.7701,0.63006
9.7801,0.63088
9.7901,0.63169
9.8001,0.63251
9.8101,0.63332
9.8201,0.63413
9.8301,0.63494
9.8401,0.63574
9.8501,0.63655
9.8601,0.63735
9.8701,0.63816
9.8801,0.63896
9.8901,0.63976
9.9001,0.64056
9.9101,0.64136
9.9201,0.64215
9.9301,0.64295
9.9401,0.64374
9.9501,0.64454
9.9601,0.64533
9.9701,0.64612
9.9801,0.64691
9.9901,0.64769
10,0.64848
10.01,0.64926
10.02,0.65005
10.03,0.65083
10.04,0.65161
10.05,0.65239
10.06,0.65317
10.07,0.65394
10.08,0.65472
10.09,0.65549
10.1,0.65626
10.11,0.65704
10.12,0.65781
10.13,0.65857
10.14,0.65934
10.15,0.66011
10.16,0.66087
10.17,0.66163
10.18,0.6624
10.19,0.66316
10.2,0.66392
10.21,0.66467
10.22,0.66543
10.23,0.66619
10.24,0.66694
10.25,0.66769
10.26,0.66844
10.27,0.66919
10.28,0.66994
10.29,0.67069
10.3,0.67143
10.31,0.67218
10.32,0.67292
10.33,0.67366
10.34,0.67441
10.35,0.67515
10.36,0.67588
10.37,0.67662
10.38,0.67736
10.39,0.67809
10.4,0.67882
10.41,0.67955
10.42,0.68028
10.43,0.68101
10.44,0.68174
10.45,0.68247
10.46,0.68319
10.47,0.68392
10.48,0.68464
10.49,0.68536
10.5,0.68608
10.51,0.6868
10.52,0.68751
10.53,0.68823
10.54,0.68894
10.55,0.68966
10.56,0.69037
10.57,0.69108
10.58,0.69179
10.59,0.6925
10.6,0.6932
10.61,0.69391
10.62,0.69461
10.63,0.69532
10.64,0.69602
10.65,0.69672
10.66,0.69742
10.67,0.69812
10.68,0.69881
10.69,0.69951
10.7,0.7002
10.71,0.70089
10.72,0.70159
10.73,0.70228
10.74,0.70297
10.75,0.70365
10.76,0.70434
10.77,0.70502
10.78,0.70571
10.79,0.70639
10.8,0.70707
10.81,0.70775
10.82,0.70843
10.83,0.70911
10.84,0.70978
10.85,0.71046
10.86,0.71113
10.87,0.7118
10.88,0.71248
10.89,0.71315
10.9,0.71381
10.91,0.71448
10.92,0.71515
10.93,0.71581
10.94,0.71648
10.95,0.71714
10.96,0.7178
10.97,0.71846
10.98,0.71912
10.99,0.71978
11,0.72043
11.01,0.72109
11.02,0.72174
11.03,0.72239
11.04,0.72304
11.05,0.72369
11.06,0.72434
11.07,0.72499
11.08,0.72564
11.09,0.72628
11.1,0.72692
11.11,0.72757
11.12,0.72821
11.13,0.72885
11.14,0.72949
11.15,0.73012
11.16,0.73076
11.17,0.73139
11.18,0.73203
11.19,0.73266
11.2,0.73329
11.21,0.73392
11.22,0.73455
11.23,0.73518
11.24,0.73581
11.25,0.73643
11.26,0.73706
11.27,0.73768
11.28,0.7383
11.29,0.73892
11.3,0.73954
11.31,0.74016
11.32,0.74077
11.33,0.74139
11.34,0.742
11.35,0.74262
11.36,0.74323
11.37,0.74384
11.38,0.74445
11.39,0.74506
11.4,0.74567
11.41,0.74627
11.42,0.74688
11.43,0.74748
11.44,0.74808
11.45,0.74868
11.46,0.74928
11.47,0.74988
11.48,0.75048
11.49,0.75108
11.5,0.75167
11.51,0.75227
11.52,0.75286
11.53,0.75345
11.54,0.75404
11.55,0.75463
11.56,0.75522
11.57,0.75581
11.58,0.75639
11.59,0.75698
11.6,0.75756
11.61,0.75815
11.62,0.75873
11.63,0.75931
11.64,0.75989
11.65,0.76046
11.66,0.76104
11.67,0.76162
11.68,0.76219
11.69,0.76276
11.7,0.76334
11.71,0.76391
11.72,0.76448
11.73,0.76504
11.74,0.76561
11.75,0.76618
11.76,0.76674
11.77,0.76731
11.78,0.76787
11.79,0.76843
11.8,0.76899
11.81,0.76955
11.82,0.77011
11.83,0.77067
11.84,0.77122
11.85,0.77178
11.86,0.77233
11.87,0.77288
11.88,0.77344
11.89,0.77399
11.9,0.77454
11.91,0.77508
11.92,0.77563
11.93,0.77618
11.94,0.77672
11.95,0.77726
11.96,0.77781
11.97,0.77835
11.98,0.77889
11.99,0.77943
12,0.77997
12.01,0.7805
12.02,0.78104
12.03,0.78157
12.04,0.78211
12.05,0.78264
12.06,0.78317
12.07,0.7837
12.08,0.78423
12.09,0.78476
12.1,0.78529
12.11,0.78581
12.12,0.78634
12.13,0.78686
12.14,0.78738
12.15,0.78791
12.16,0.78843
12.17,0.78895
12.18,0.78946
12.19,0.78998
12.2,0.7905
12.21,0.79101
12.22,0.79153
12.23,0.79204
12.24,0.79255
12.25,0.79306
12.26,0.79357
12.27,0.79408
12.28,0.79459
12.29,0.7951
12.3,0.7956
12.31,0.79611
12.32,0.79661
12.33,0.79711
12.34,0.79761
12.35,0.79811
12.36,0.79861
12.37,0.79911
12.38,0.79961
12.39,0.8001
12.4,0.8006
12.41,0.80109
12.42,0.80158
12.43,0.80208
12.44,0.80257
12.45,0.80306
12.46,0.80355
12.47,0.80403
12.48,0.80452
12.49,0.80501
12.5,0.80549
12.51,0.80597
12.52,0.80646
12.53,0.80694
12.54,0.80742
12.55,0.8079
12.56,0.80838
12.57,0.80885
12.58,0.80933
12.59,0.8098
12.6,0.81028
12.61,0.81075
12.62,0.81122
12.63,0.8117
12.64,0.81217
12.65,0.81263
12.66,0.8131
12.67,0.81357
12.68,0.81404
12.69,0.8145
12.7,0.81497
12.71,0.81543
12.72,0.81589
12.73,0.81635
12.74,0.81681
12.75,0.81727
12.76,0.81773
12.77,0.81819
12.78,0.81864
12.79,0.8191
12.8,0.81955
12.81,0.82001
12.82,0.82046
12.83,0.82091
12.84,0.82136
12.85,0.82181
12.86,0.82226
12.87,0.8227
12.88,0.82315
12.89,0.8236
12.9,0.82404
12.91,0.82448
12.92,0.82493
12.93,0.82537
12.94,0.82581
12.95,0.82625
12.96,0.82669
12.97,0.82713
12.98,0.82756
12.99,0.828
13,0.82843
13.01,0.82887
13.02,0.8293
13.03,0.82973
13.04,0.83016
13.05,0.83059
13.06,0.83102
13.07,0.83145
13.08,0.83188
13.09,0.8323
13.1,0.83273
13.11,0.83315
13.12,0.83358
13.13,0.834
13.14,0.83442
13.15,0.83484
13.16,0.83526
13.17,0.83568
13.18,0.8361
13.19,0.83651
13.2,0.83693
13.21,0.83734
13.22,0.83776
13.23,0.83817
13.24,0.83858
13.25,0.839
13.26,0.83941
13.27,0.83982
13.28,0.84022
13.29,0.84063
13.3,0.84104
13.31,0.84144
13.32,0.84185
13.33,0.84225
13.34,0.84266
13.35,0.84306
13.36,0.84346
13.37,0.84386
13.38,0.84426
13.39,0.84466
13.4,0.84506
13.41,0.84545
13.42,0.84585
13.43,0.84624
13.44,0.84664
13.45,0.84703
13.46,0.84742
13.47,0.84782
13.48,0.84821
13.49,0.8486
13.5,0.84898
13.51,0.84937
13.52,0.84976
13.53,0.85015
13.54,0.85053
13.55,0.85092
13.56,0.8513
13.57,0.85168
13.58,0.85206
13.59,0.85245
13.6,0.85283
13.61,0.85321
13.62,0.85358
13.63,0.85396
13.64,0.85434
13.65,0.85471
13.66,0.85509
13.67,0.85546
13.68,0.85584
13.69,0.85621
13.7,0.85658
13.71,0.85695
13.72,0.85732
13.73,0.85769
13.74,0.85806
13.75,0.85843
13.76,0.85879
13.77,0.85916
13.78,0.85952
13.79,0.85989
13.8,0.86025
13.81,0.86061
13.82,0.86097
13.83,0.86133
13.84,0.86169
13.85,0.86205
13.86,0.86241
13.87,0.86277
13.88,0.86313
13.89,0.86348
13.9,0.86384
13.91,0.86419
13.92,0.86454
13.93,0.8649
13.94,0.86525
13.95,0.8656
13.96,0.86595
13.97,0.8663
13.98,0.86665
13.99,0.86699
14,0.86734
14.01,0.86769
14.02,0.86803
14.03,0.86838
14.04,0.86872
14.05,0.86906
14.06,0.86941
14.07,0.86975
14.08,0.87009
14.09,0.87043
14.1,0.87077
14.11,0.8711
14.12,0.87144
14.13,0.87178
14.14,0.87211
14.15,0.87245
14.16,0.87278
14.17,0.87312
14.18,0.87345
14.19,0.87378
14.2,0.87411
14.21,0.87444
14.22,0.87477
14.23,0.8751
14.24,0.87543
14.25,0.87575
14.26,0.87608
14.27,0.87641
14.28,0.87673
14.29,0.87706
14.3,0.87738
14.31,0.8777
14.32,0.87802
14.33,0.87834
14.34,0.87866
14.35,0.87898
14.36,0.8793
14.37,0.87962
14.38,0.87994
14.39,0.88025
14.4,0.88057
14.41,0.88089
14.42,0.8812
14.43,0.88151
14.44,0.88183
14.45,0.88214
14.46,0.88245
14.47,0.88276
14.48,0.88307
14.49,0.88338
14.5,0.88369
14.51,0.884
14.52,0.8843
14.53,0.88461
14.54,0.88491
14.55,0.88522
14.56,0.88552
14.57,0.88583
14.58,0.88613
14.59,0.88643
14.6,0.88673
14.61,0.88703
14.62,0.88733
14.63,0.88763
14.64,0.88793
14.65,0.88823
14.66,0.88852
14.67,0.88882
14.68,0.88912
14.69,0.88941
14.7,0.8897
14.71,0.89
14.72,0.89029
14.73,0.89058
14.74,0.89087
14.75,0.89116
14.76,0.89145
14.77,0.89174
14.78,0.89203
14.79,0.89232
14.8,0.89261
14.81,0.89289
14.82,0.89318
14.83,0.89346
14.84,0.89375
14.85,0.89403
14.86,0.89431
14.87,0.8946
14.88,0.89488
14.89,0.89516
14.9,0.89544
14.91,0.89572
14.92,0.896
14.93,0.89628
14.94,0.89655
14.95,0.89683
14.96,0.89711
14.97,0.89738
14.98,0.89766
14.99,0.89793
15,0.8982
15.01,0.89848
15.02,0.89875
15.03,0.89902
15.04,0.89929
15.05,0.89956
15.06,0.89983
15.07,0.9001
15.08,0.90037
15.09,0.90064
15.1,0.9009
15.11,0.90117
15.12,0.90144
15.13,0.9017
15.14,0.90196
15.15,0.90223
15.16,0.90249
15.17,0.90275
15.18,0.90302
15.19,0.90328
15.2,0.90354
15.21,0.9038
15.22,0.90406
15.23,0.90432
15.24,0.90457
15.25,0.90483
15.26,0.90509
15.27,0.90534
15.28,0.9056
15.29,0.90585
15.3,0.90611
15.31,0.90636
15.32,0.90661
15.33,0.90687
15.34,0.90712
15.35,0.90737
15.36,0.90762
15.37,0.90787
15.38,0.90812
15.39,0.90837
15.4,0.90862
15.41,0.90886
15.42,0.90911
15.43,0.90936
15.44,0.9096
15.45,0.90985
15.46,0.91009
15.47,0.91034
15.48,0.91058
15.49,0.91082
15.5,0.91106
15.51,0.9113
15.52,0.91154
15.53,0.91179
15.54,0.91202
15.55,0.91226
15.56,0.9125
15.57,0.91274
15.58,0.91298
15.59,0.91321
15.6,0.91345
15.61,0.91369
15.62,0.91392
15.63,0.91416
15.64,0.91439
15.65,0.91462
15.66,0.91485
15.67,0.91509
15.68,0.91532
15.69,0.91555
15.7,0.91578
15.71,0.91601
15.72,0.91624
15.73,0.91647
15.74,0.91669
15.75,0.91692
15.76,0.91715
15.77,0.91738
15.78,0.9176
15.79,0.91783
15.8,0.91805
15.81,0.91827
15.82,0.9185
15.83,0.91872
15.84,0.91894
15.85,0.91917
15.86,0.91939
15.87,0.91961
15.88,0.91983
15.89,0.92005
15.9,0.92027
15.91,0.92048
15.92,0.9207
15.93,0.92092
15.94,0.92114
15.95,0.92135
15.96,0.92157
15.97,0.92178
15.98,0.922
15.99,0.92221
16,0.92243
16.01,0.92264
16.02,0.92285
16.03,0.92306
16.04,0.92328
16.05,0.92349
16.06,0.9237
16.07,0.92391
16.08,0.92412
16.09,0.92433
16.1,0.92453
16.11,0.92474
16.12,0.92495
16.13,0.92516
16.14,0.92536
16.15,0.92557
16.16,0.92577
16.17,0.92598
16.18,0.92618
16.19,0.92638
16.2,0.92659
16.21,0.92679
16.22,0.92699
16.23,0.92719
16.24,0.92739
16.25,0.9276
16.26,0.9278
16.27,0.92799
16.28,0.92819
16.29,0.92839
16.3,0.92859
16.31,0.92879
16.32,0.92898
16.33,0.92918
16.34,0.92938
16.35,0.92957
16.36,0.92977
16.37,0.92996
16.38,0.93016
16.39,0.93035
16.4,0.93054
16.41,0.93073
16.42,0.93093
16.43,0.93112
16.44,0.93131
16.45,0.9315
16.46,0.93169
16.47,0.93188
16.48,0.93207
16.49,0.93226
16.5,0.93245
16.51,0.93263
16.52,0.93282
16.53,0.93301
16.54,0.93319
16.55,0.93338
16.56,0.93356
16.57,0.93375
16.58,0.93393
16.59,0.93412
16.6,0.9343
16.61,0.93448
16.62,0.93467
16.63,0.93485
16.64,0.93503
16.65,0.93521
16.66,0.93539
16.67,0.93557
16.68,0.93575
16.69,0.93593
16.7,0.93611
16.71,0.93629
16.72,0.93646
16.73,0.93664
16.74,0.93682
16.75,0.937
16.76,0.93717
16.77,0.93735
16.78,0.93752
16.79,0.9377
16.8,0.93787
16.81,0.93804
16.82,0.93822
16.83,0.93839
16.84,0.93856
16.85,0.93873
16.86,0.93891
16.87,0.93908
16.88,0.93925
16.89,0.93942
16.9,0.93959
16.91,0.93976
16.92,0.93993
16.93,0.94009
16.94,0.94026
16.95,0.94043
16.96,0.9406
16.97,0.94076
16.98,0.94093
16.99,0.94109
17,0.94126
17.01,0.94142
17.02,0.94159
17.03,0.94175
17.04,0.94192
17.05,0.94208
17.06,0.94224
17.07,0.94241
17.08,0.94257
17.09,0.94273
17.1,0.94289
17.11,0.94305
17.12,0.94321
17.13,0.94337
17.14,0.94353
17.15,0.94369
17.16,0.94385
17.17,0.94401
17.18,0.94416
17.19,0.94432
17.2,0.94448
17.21,0.94463
17.22,0.94479
17.23,0.94495
17.24,0.9451
17.25,0.94526
17.26,0.94541
17.27,0.94556
17.28,0.94572
17.29,0.94587
17.3,0.94602
17.31,0.94618
17.32,0.94633
17.33,0.94648
17.34,0.94663
17.35,0.94678
17.36,0.94693
17.37,0.94708
17.38,0.94723
17.39,0.94738
17.4,0.94753
17.41,0.94768
17.42,0.94783
17.43,0.94798
17.44,0.94812
17.45,0.94827
17.46,0.94842
17.47,0.94856
17.48,0.94871
17.49,0.94885
17.5,0.949
17.51,0.94914
17.52,0.94929
17.53,0.94943
17.54,0.94957
17.55,0.94972
17.56,0.94986
17.57,0.95
17.58,0.95015
17.59,0.95029
17.6,0.95043
17.61,0.95057
17.62,0.95071
17.63,0.95085
17.64,0.95099
17.65,0.95113
17.66,0.95127
17.67,0.95141
17.68,0.95154
17.69,0.95168
17.7,0.95182
17.71,0.95196
17.72,0.95209
17.73,0.95223
17.74,0.95237
17.75,0.9525
17.76,0.95264
17.77,0.95277
17.78,0.95291
17.79,0.95304
17.8,0.95318
17.81,0.95331
17.82,0.95344
17.83,0.95357
17.84,0.95371
17.85,0.95384
17.86,0.95397
17.87,0.9541
17.88,0.95423
17.89,0.95436
17.9,0.95449
17.91,0.95462
17.92,0.95475
17.93,0.95488
17.94,0.95501
17.95,0.95514
17.96,0.95527
17.97,0.9554
17.98,0.95553
17.99,0.95565
18,0.95578
18.01,0.95591
18.02,0.95603
18.03,0.95616
18.04,0.95628
18.05,0.95641
18.06,0.95653
18.07,0.95666
18.08,0.95678
18.09,0.95691
18.1,0.95703
18.11,0.95715
18.12,0.95728
18.13,0.9574
18.14,0.95752
18.15,0.95764
18.16,0.95777
18.17,0.95789
18.18,0.95801
18.19,0.95813
18.2,0.95825
18.21,0.95837
18.22,0.95849
18.23,0.95861
18.24,0.95873
18.25,0.95885
18.26,0.95896
18.27,0.95908
18.28,0.9592
18.29,0.95932
18.3,0.95943
18.31,0.95955
18.32,0.95967
18.33,0.95978
18.34,0.9599
18.35,0.96001
18.36,0.96013
18.37,0.96024
18.38,0.96036
18.39,0.96047
18.4,0.96059
18.41,0.9607
18.42,0.96081
18.43,0.96093
18.44,0.96104
18.45,0.96115
18.46,0.96127
18.47,0.96138
18.48,0.96149
18.49,0.9616
18.5,0.96171
18.51,0.96182
18.52,0.96193
18.53,0.96204
18.54,0.96215
18.55,0.96226
18.56,0.96237
18.57,0.96248
18.58,0.96259
18.59,0.9627
18.6,0.9628
18.61,0.96291
18.62,0.96302
18.63,0.96313
18.64,0.96323
18.65,0.96334
18.66,0.96345
18.67,0.96355
18.68,0.96366
18.69,0.96376
18.7,0.96387
18.71,0.96397
18.72,0.96408
18.73,0.96418
18.74,0.96428
18.75,0.96439
18.76,0.96449
18.77,0.9646
18.78,0.9647
18.79,0.9648
18.8,0.9649
18.81,0.965
18.82,0.96511
18.83,0.96521
18.84,0.96531
18.85,0.96541
18.86,0.96551
18.87,0.96561
18.88,0.96571
18.89,0.96581
18.9,0.96591
18.91,0.96601
18.92,0.96611
18.93,0.96621
18.94,0.9663
18.95,0.9664
18.96,0.9665
18.97,0.9666
18.98,0.9667
18.99,0.96679
19,0.96689
19.01,0.96699
19.02,0.96708
19.03,0.96718
19.04,0.96727
19.05,0.96737
19.06,0.96746
19.07,0.96756
19.08,0.96765
19.09,0.96775
19.1,0.96784
19.11,0.96794
19.12,0.96803
19.13,0.96812
19.14,0.96822
19.15,0.96831
19.16,0.9684
19.17,0.96849
19.18,0.96859
19.19,0.96868
19.2,0.96877
19.21,0.96886
19.22,0.96895
19.23,0.96904
19.24,0.96913
19.25,0.96922
19.26,0.96931
19.27,0.9694
19.28,0.96949
19.29,0.96958
19.3,0.96967
19.31,0.96976
19.32,0.96985
19.33,0.96994
19.34,0.97003
19.35,0.97011
19.36,0.9702
19.37,0.97029
19.38,0.97038
19.39,0.97046
19.4,0.97055
19.41,0.97064
19.42,0.97072
19.43,0.97081
19.44,0.97089
19.45,0.97098
19.46,0.97106
19.47,0.97115
19.48,0.97123
19.49,0.97132
19.5,0.9714
19.51,0.97149
19.52,0.97157
19.53,0.97165
19.54,0.97174
19.55,0.97182
19.56,0.9719
19.57,0.97199
19.58,0.97207
19.59,0.97215
19.6,0.97223
19.61,0.97232
19.62,0.9724
19.63,0.97248
19.64,0.97256
19.65,0.97264
19.66,0.97272
19.67,0.9728
19.68,0.97288
19.69,0.97296
19.7,0.97304
19.71,0.97312
19.72,0.9732
19.73,0.97328
19.74,0.97336
19.75,0.97344
19.76,0.97351
19.77,0.97359
19.78,0.97367
19.79,0.97375
19.8,0.97383
19.81,0.9739
19.82,0.97398
19.83,0.97406
19.84,0.97413
19.85,0.97421
19.86,0.97429
19.87,0.97436
19.88,0.97444
19.89,0.97451
19.9,0.97459
19.91,0.97466
19.92,0.97474
19.93,0.97481
19.94,0.97489
19.95,0.97496
19.96,0.97504
19.97,0.97511
19.98,0.97518
19.99,0.97526
20,0.97533
20.01,0.9754
20.02,0.97547
20.03,0.97555
20.04,0.97562
20.05,0.97569
20.06,0.97576
20.07,0.97584
20.08,0.97591
20.09,0.97598
20.1,0.97605
20.11,0.97612
20.12,0.97619
20.13,0.97626
20.14,0.97633
20.15,0.9764
20.16,0.97647
20.17,0.97654
20.18,0.97661
20.19,0.97668
20.2,0.97675
20.21,0.97682
20.22,0.97689
20.23,0.97696
20.24,0.97703
20.25,0.9771
20.26,0.97716
20.27,0.97723
20.28,0.9773
20.29,0.97737
20.3,0.97743
20.31,0.9775
20.32,0.97757
20.33,0.97764
20.34,0.9777
20.35,0.97777
20.36,0.97783
20.37,0.9779
20.38,0.97797
20.39,0.97803
20.4,0.9781
20.41,0.97816
20.42,0.97823
20.43,0.97829
20.44,0.97836
20.45,0.97842
20.46,0.97849
20.47,0.97855
20.48,0.97861
20.49,0.97868
20.5,0.97874
20.51,0.97881
20.52,0.97887
20.53,0.97893
20.54,0.97899
20.55,0.97906
20.56,0.97912
20.57,0.97918
20.58,0.97924
20.59,0.97931
20.6,0.97937
20.61,0.97943
20.62,0.97949
20.63,0.97955
20.64,0.97961
20.65,0.97967
20.66,0.97974
20.67,0.9798
20.68,0.97986
20.69,0.97992
20.7,0.97998
20.71,0.98004
20.72,0.9801
20.73,0.98016
20.74,0.98022
20.75,0.98028
20.76,0.98033
20.77,0.98039
20.78,0.98045
20.79,0.98051
20.8,0.98057
20.81,0.98063
20.82,0.98069
20.83,0.98074
20.84,0.9808
20.85,0.98086
20.86,0.98092
20.87,0.98097
20.88,0.98103
20.89,0.98109
20.9,0.98114
20.91,0.9812
20.92,0.98126
20.93,0.98131
20.94,0.98137
20.95,0.98143
20.96,0.98148
20.97,0.98154
20.98,0.98159
20.99,0.98165
21,0.9817
21.01,0.98176
21.02,0.98181
21.03,0.98187
21.04,0.98192
21.05,0.98198
21.06,0.98203
21.07,0.98208
21.08,0.98214
21.09,0.98219
21.1,0.98225
21.11,0.9823
21.12,0.98235
21.13,0.98241
21.14,0.98246
21.15,0.98251
21.16,0.98256
21.17,0.98262
21.18,0.98267
21.19,0.98272
21.2,0.98277
21.21,0.98283
21.22,0.98288
21.23,0.98293
21.24,0.98298
21.25,0.98303
21.26,0.98308
21.27,0.98313
21.28,0.98318
21.29,0.98324
21.3,0.98329
21.31,0.98334
21.32,0.98339
21.33,0.98344
21.34,0.98349
21.35,0.98354
21.36,0.98359
21.37,0.98364
21.38,0.98369
21.39,0.98374
21.4,0.98378
21.41,0.98383
21.42,0.98388
21.43,0.98393
21.44,0.98398
21.45,0.98403
21.46,0.98408
21.47,0.98412
21.48,0.98417
21.49,0.98422
21.5,0.98427
21.51,0.98432
21.52,0.98436
21.53,0.98441
21.54,0.98446
21.55,0.98451
21.56,0.98455
21.57,0.9846
21.58,0.98465
21.59,0.98469
21.6,0.98474
21.61,0.98478
21.62,0.98483
21.63,0.98488
21.64,0.98492
21.65,0.98497
21.66,0.98501
21.67,0.98506
21.68,0.9851
21.69,0.98515
21.7,0.9852
21.71,0.98524
21.72,0.98528
21.73,0.98533
21.74,0.98537
21.75,0.98542
21.76,0.98546
21.77,0.98551
21.78,0.98555
21.79,0.98559
21.8,0.98564
21.81,0.98568
21.82,0.98573
21.83,0.98577
21.84,0.98581
21.85,0.98586
21.86,0.9859
21.87,0.98594
21.88,0.98598
21.89,0.98603
21.9,0.98607
21.91,0.98611
21.92,0.98615
21.93,0.9862
21.94,0.98624
21.95,0.98628
21.96,0.98632
21.97,0.98636
21.98,0.98641
21.99,0.98645
22,0.98649
22.01,0.98653
22.02,0.98657
22.03,0.98661
22.04,0.98665
22.05,0.98669
22.06,0.98673
22.07,0.98677
22.08,0.98681
22.09,0.98685
22.1,0.98689
22.11,0.98693
22.12,0.98697
22.13,0.98701
22.14,0.98705
22.15,0.98709
22.16,0.98713
22.17,0.98717
22.18,0.98721
22.19,0.98725
22.2,0.98729
22.21,0.98733
22.22,0.98737
22.23,0.98741
22.24,0.98744
22.25,0.98748
22.26,0.98752
22.27,0.98756
22.28,0.9876
22.29,0.98763
22.3,0.98767
22.31,0.98771
22.32,0.98775
22.33,0.98779
22.34,0.98782
22.35,0.98786
22.36,0.9879
22.37,0.98793
22.38,0.98797
22.39,0.98801
22.4,0.98804
22.41,0.98808
22.42,0.98812
22.43,0.98815
22.44,0.98819
22.45,0.98823
22.46,0.98826
22.47,0.9883
22.48,0.98833
22.49,0.98837
22.5,0.98841
22.51,0.98844
22.52,0.98848
22.53,0.98851
22.54,0.98855
22.55,0.98858
22.56,0.98862
22.57,0.98865
22.58,0.98869
22.59,0.98872
22.6,0.98876
22.61,0.98879
22.62,0.98883
22.63,0.98886
22.64,0.98889
22.65,0.98893
22.66,0.98896
22.67,0.989
22.68,0.98903
22.69,0.98906
22.7,0.9891
22.71,0.98913
22.72,0.98916
22.73,0.9892
22.74,0.98923
22.75,0.98926
22.76,0.9893
22.77,0.98933
22.78,0.98936
22.79,0.9894
22.8,0.98943
22.81,0.98946
22.82,0.98949
22.83,0.98953
22.84,0.98956
22.85,0.98959
22.86,0.98962
22.87,0.98965
22.88,0.98969
22.89,0.98972
22.9,0.98975
22.91,0.98978
22.92,0.98981
22.93,0.98984
22.94,0.98988
22.95,0.98991
22.96,0.98994
22.97,0.98997
22.98,0.99
22.99,0.99003
23,0.99006
23.01,0.99009
23.02,0.99012
23.03,0.99015
23.04,0.99018
23.05,0.99021
23.06,0.99024
23.07,0.99027
23.08,0.9903
23.09,0.99033
23.1,0.99036
23.11,0.99039
23.12,0.99042
23.13,0.99045
23.14,0.99048
23.15,0.99051
23.16,0.99054
23.17,0.99057
23.18,0.9906
23.19,0.99063
23.2,0.99066
23.21,0.99069
23.22,0.99072
23.23,0.99074
23.24,0.99077
23.25,0.9908
23.26,0.99083
23.27,0.99086
23.28,0.99089
23.29,0.99091
23.3,0.99094
23.31,0.99097
23.32,0.991
23.33,0.99103
23.34,0.99105
23.35,0.99108
23.36,0.99111
23.37,0.99114
23.38,0.99116
23.39,0.99119
23.4,0.99122
23.41,0.99125
23.42,0.99127
23.43,0.9913
23.44,0.99133
23.45,0.99135
23.46,0.99138
23.47,0.99141
23.48,0.99143
23.49,0.99146
23.5,0.99148
23.51,0.99151
23.52,0.99153
23.53,0.99156
23.54,0.99159
23.55,0.99161
23.56,0.99163
23.57,0.99166
23.58,0.99168
23.59,0.99171
23.6,0.99173
23.61,0.99175
23.62,0.99178
23.63,0.9918
23.64,0.99182
23.65,0.99184
23.66,0.99187
23.67,0.99189
23.68,0.99191
23.69,0.99193
23.7,0.99195
23.71,0.99196
23.72,0.99198
23.73,0.992
23.74,0.99201
23.75,0.99203
23.76,0.99204
23.77,0.99206
23.78,0.99207
23.79,0.99208
23.8,0.99209
23.81,0.99209
23.82,0.9921
23.83,0.9921
23.84,0.99211
23.85,0.99211
23.86,0.9921
23.87,0.9921
23.88,0.99209
23.89,0.99209
23.9,0.99207
23.91,0.99206
23.92,0.99204
23.93,0.99202
23.94,0.992
23.95,0.99197
23.96,0.99194
23.97,0.9919
23.98,0.99186
23.99,0.99181
24,0.99176
24.01,0.99171
24.02,0.99165
24.03,0.99158
24.04,0.99151
24.05,0.99143
24.06,0.99134
24.07,0.99125
24.08,0.99115
24.09,0.99104
24.1,0.99092
24.11,0.9908
24.12,0.99066
24.13,0.99052
24.14,0.99037
24.15,0.9902
24.16,0.99003
24.17,0.98985
24.18,0.98965
24.19,0.98945
24.2,0.98923
24.21,0.989
24.22,0.98876
24.23,0.9885
24.24,0.98823
24.25,0.98795
24.26,0.98765
24.27,0.98733
24.28,0.98701
24.29,0.98666
24.3,0.9863
24.31,0.98592
24.32,0.98553
24.33,0.98512
24.34,0.98469
24.35,0.98424
24.36,0.98378
24.37,0.9833
24.38,0.98279
24.39,0.98227
24.4,0.98173
24.41,0.98117
24.42,0.98058
24.43,0.97998
24.44,0.97936
24.45,0.97871
24.46,0.97805
24.47,0.97736
24.48,0.97665
24.49,0.97592
24.5,0.97516
24.51,0.97439
24.52,0.97359
24.53,0.97277
24.54,0.97193
24.55,0.97106
24.56,0.97017
24.57,0.96926
24.58,0.96833
24.59,0.96737
24.6,0.9664
24.61,0.96539
24.62,0.96437
24.63,0.96333
24.64,0.96226
24.65,0.96117
24.66,0.96006
24.67,0.95893
24.68,0.95778
24.69,0.9566
24.7,0.95541
24.71,0.95419
24.72,0.95296
24.73,0.9517
24.74,0.95043
24.75,0.94913
24.76,0.94782
24.77,0.94649
24.78,0.94514
24.79,0.94378
24.8,0.9424
24.81,0.941
24.82,0.93958
24.83,0.93815
24.84,0.9367
24.85,0.93524
24.86,0.93377
24.87,0.93228
24.88,0.93078
24.89,0.92926
24.9,0.92773
24.91,0.9262
24.92,0.92465
24.93,0.92309
24.94,0.92152
24.95,0.91994
24.96,0.91835
24.97,0.91675
24.98,0.91515
24.99,0.91354
25,0.91192
25.01,0.91029
25.02,0.90866
25.03,0.90703
25.04,0.90538
25.05,0.90374
25.06,0.90209
25.07,0.90044
25.08,0.89878
25.09,0.89713
25.1,0.89547
25.11,0.89381
25.12,0.89215
25.13,0.89048
25.14,0.88882
25.15,0.88716
25.16,0.8855
25.17,0.88384
25.18,0.88218
25.19,0.88052
25.2,0.87887
25.21,0.87721
25.22,0.87556
25.23,0.87392
25.24,0.87227
25.25,0.87063
25.26,0.869
25.27,0.86736
25.28,0.86574
25.29,0.86411
25.3,0.86249
25.31,0.86088
25.32,0.85927
25.33,0.85767
25.34,0.85607
25.35,0.85448
25.36,0.85289
25.37,0.85131
25.38,0.84973
25.39,0.84817
25.4,0.8466
25.41,0.84505
25.42,0.8435
25.43,0.84195
25.44,0.84041
25.45,0.83888
25.46,0.83736
25.47,0.83584
25.48,0.83433
25.49,0.83282
25.5,0.83132
25.51,0.82983
25.52,0.82834
25.53,0.82686
25.54,0.82539
25.55,0.82392
25.56,0.82246
25.57,0.82101
25.58,0.81956
25.59,0.81812
25.6,0.81668
25.61,0.81525
25.62,0.81383
25.63,0.81241
25.64,0.811
25.65,0.80959
25.66,0.80819
25.67,0.8068
25.68,0.80541
25.69,0.80402
25.7,0.80264
25.71,0.80127
25.72,0.7999
25.73,0.79854
25.74,0.79718
25.75,0.79582
25.76,0.79447
25.77,0.79313
25.78,0.79179
25.79,0.79045
25.8,0.78912
25.81,0.78779
25.82,0.78647
25.83,0.78515
25.84,0.78384
25.85,0.78253
25.86,0.78122
25.87,0.77991
25.88,0.77861
25.89,0.77732
25.9,0.77602
25.91,0.77473
25.92,0.77345
25.93,0.77216
25.94,0.77088
25.95,0.7696
25.96,0.76833
25.97,0.76706
25.98,0.76579
25.99,0.76452
26,0.76325
26.01,0.76199
26.02,0.76073
26.03,0.75948
26.04,0.75822
26.05,0.75697
26.06,0.75572
26.07,0.75447
26.08,0.75322
26.09,0.75198
26.1,0.75074
26.11,0.7495
26.12,0.74826
26.13,0.74702
26.14,0.74578
26.15,0.74455
26.16,0.74332
26.17,0.74209
26.18,0.74086
26.19,0.73963
26.2,0.73841
26.21,0.73718
26.22,0.73596
26.23,0.73474
26.24,0.73352
26.25,0.7323
26.26,0.73108
26.27,0.72987
26.28,0.72865
26.29,0.72744
26.3,0.72622
26.31,0.72501
26.32,0.7238
26.33,0.72259
26.34,0.72138
26.35,0.72018
26.36,0.71897
26.37,0.71776
26.38,0.71656
26.39,0.71536
26.4,0.71415
26.41,0.71295
26.42,0.71175
26.43,0.71055
26.44,0.70935
26.45,0.70816
26.46,0.70696
26.47,0.70576
26.48,0.70457
26.49,0.70337
26.5,0.70218
26.51,0.70099
26.52,0.6998
26.53,0.6986
26.54,0.69741
26.55,0.69623
26.56,0.69504
26.57,0.69385
26.58,0.69266
26.59,0.69148
26.6,0.69029
26.61,0.68911
26.62,0.68792
26.63,0.68674
26.64,0.68556
26.65,0.68438
26.66,0.6832
26.67,0.68202
26.68,0.68084
26.69,0.67966
26.7,0.67848
26.71,0.67731
26.72,0.67613
26.73,0.67496
26.74,0.67378
26.75,0.67261
26.76,0.67144
26.77,0.67027
26.78,0.6691
26.79,0.66793
26.8,0.66676
26.81,0.66559
26.82,0.66442
26.83,0.66326
26.84,0.66209
26.85,0.66093
26.86,0.65976
26.87,0.6586
26.88,0.65744
26.89,0.65628
26.9,0.65511
26.91,0.65395
26.92,0.6528
26.93,0.65164
26.94,0.65048
26.95,0.64932
26.96,0.64817
26.97,0.64701
26.98,0.64586
26.99,0.64471
27,0.64356
27.01,0.6424
27.02,0.64125
27.03,0.64011
27.04,0.63896
27.05,0.63781
27.06,0.63666
27.07,0.63552
27.08,0.63437
27.09,0.63323
27.1,0.63209
27.11,0.63094
27.12,0.6298
27.13,0.62866
27.14,0.62752
27.15,0.62639
27.16,0.62525
27.17,0.62411
27.18,0.62298
27.19,0.62184
27.2,0.62071
27.21,0.61958
27.22,0.61845
27.23,0.61732
27.24,0.61619
27.25,0.61506
27.26,0.61393
27.27,0.6128
27.28,0.61168
27.29,0.61055
27.3,0.60943
27.31,0.60831
27.32,0.60719
27.33,0.60607
27.34,0.60495
27.35,0.60383
27.36,0.60271
27.37,0.60159
27.38,0.60048
27.39,0.59936
27.4,0.59825
27.41,0.59714
27.42,0.59603
27.43,0.59492
27.44,0.59381
27.45,0.5927
27.46,0.59159
27.47,0.59049
27.48,0.58938
27.49,0.58828
27.5,0.58717
27.51,0.58607
27.52,0.58497
27.53,0.58387
27.54,0.58277
27.55,0.58168
27.56,0.58058
27.57,0.57949
27.58,0.57839
27.59,0.5773
27.6,0.57621
27.61,0.57512
27.62,0.57403
27.63,0.57294
27.64,0.57185
27.65,0.57076
27.66,0.56968
27.67,0.56859
27.68,0.56751
27.69,0.56643
27.7,0.56535
27.71,0.56427
27.72,0.56319
27.73,0.56211
27.74,0.56104
27.75,0.55996
27.76,0.55889
27.77,0.55782
27.78,0.55675
27.79,0.55568
27.8,0.55461
27.81,0.55354
27.82,0.55247
27.83,0.55141
27.84,0.55034
27.85,0.54928
27.86,0.54822
27.87,0.54715
27.88,0.54609
27.89,0.54504
27.9,0.54398
27.91,0.54292
27.92,0.54187
27.93,0.54081
27.94,0.53976
27.95,0.53871
27.96,0.53766
27.97,0.53661
27.98,0.53556
27.99,0.53452
28,0.53347
28.01,0.53243
28.02,0.53138
28.03,0.53034
28.04,0.5293
28.05,0.52826
28.06,0.52722
28.07,0.52619
28.08,0.52515
28.09,0.52412
28.1,0.52308
28.11,0.52205
28.12,0.52102
28.13,0.51999
28.14,0.51896
28.15,0.51794
28.16,0.51691
28.17,0.51589
28.18,0.51486
28.19,0.51384
28.2,0.51282
28.21,0.5118
28.22,0.51078
28.23,0.50976
28.24,0.50875
28.25,0.50773
28.26,0.50672
28.27,0.50571
28.28,0.5047
28.29,0.50369
28.3,0.50268
28.31,0.50167
28.32,0.50067
28.33,0.49966
28.34,0.49866
28.35,0.49766
28.36,0.49666
28.37,0.49566
28.38,0.49466
28.39,0.49366
28.4,0.49267
28.41,0.49167
28.42,0.49068
28.43,0.48969
28.44,0.4887
28.45,0.48771
28.46,0.48672
28.47,0.48574
28.48,0.48475
28.49,0.48377
28.5,0.48278
28.51,0.4818
28.52,0.48082
28.53,0.47984
28.54,0.47887
28.55,0.47789
28.56,0.47692
28.57,0.47594
28.58,0.47497
28.59,0.474
28.6,0.47303
28.61,0.47206
28.62,0.47109
28.63,0.47013
28.64,0.46916
28.65,0.4682
28.66,0.46724
28.67,0.46628
28.68,0.46532
28.69,0.46436
28.7,0.46341
28.71,0.46245
28.72,0.4615
28.73,0.46054
28.74,0.45959
28.75,0.45864
28.76,0.45769
28.77,0.45675
28.78,0.4558
28.79,0.45486
28.8,0.45391
28.81,0.45297
28.82,0.45203
28.83,0.45109
28.84,0.45015
28.85,0.44922
28.86,0.44828
28.87,0.44735
28.88,0.44641
28.89,0.44548
28.9,0.44455
28.91,0.44362
28.92,0.4427
28.93,0.44177
28.94,0.44085
28.95,0.43992
28.96,0.439
28.97,0.43808
28.98,0.43716
28.99,0.43624
29,0.43533
29.01,0.43441
29.02,0.4335
29.03,0.43259
29.04,0.43167
29.05,0.43076
29.06,0.42986
29.07,0.42895
29.08,0.42804
29.09,0.42714
29.1,0.42623
29.11,0.42533
29.12,0.42443
29.13,0.42353
29.14,0.42264
29.15,0.42174
29.16,0.42084
29.17,0.41995
29.18,0.41906
29.19,0.41817
29.2,0.41728
29.21,0.41639
29.22,0.4155
29.23,0.41462
29.24,0.41373
29.25,0.41285
29.26,0.41197
29.27,0.41109
29.28,0.41021
29.29,0.40933
29.3,0.40845
29.31,0.40758
29.32,0.4067
29.33,0.40583
29.34,0.40496
29.35,0.40409
29.36,0.40322
29.37,0.40236
29.38,0.40149
29.39,0.40063
29.4,0.39976
29.41,0.3989
29.42,0.39804
29.43,0.39718
29.44,0.39633
29.45,0.39547
29.46,0.39462
29.47,0.39376
29.48,0.39291
29.49,0.39206
29.5,0.39121
29.51,0.39036
29.52,0.38951
29.53,0.38867
29.54,0.38783
29.55,0.38698
29.56,0.38614
29.57,0.3853
29.58,0.38446
29.59,0.38363
29.6,0.38279
29.61,0.38196
29.62,0.38112
29.63,0.38029
29.64,0.37946
29.65,0.37863
29.66,0.3778
29.67,0.37698
29.68,0.37615
29.69,0.37533
29.7,0.3745
29.71,0.37368
29.72,0.37286
29.73,0.37205
29.74,0.37123
29.75,0.37041
29.76,0.3696
29.77,0.36879
29.78,0.36797
29.79,0.36716
29.8,0.36635
29.81,0.36555
29.82,0.36474
29.83,0.36393
29.84,0.36313
29.85,0.36233
29.86,0.36153
29.87,0.36073
29.88,0.35993
29.89,0.35913
29.9,0.35834
29.91,0.35754
29.92,0.35675
29.93,0.35596
29.94,0.35517
29.95,0.35438
29.96,0.35359
29.97,0.3528
29.98,0.35202
29.99,0.35124
30,0.35045
30.01,0.34967
30.02,0.34889
30.03,0.34811
30.04,0.34734
30.05,0.34656
30.06,0.34579
30.07,0.34501
30.08,0.34424
30.09,0.34347
30.1,0.3427
30.11,0.34193
30.12,0.34117
30.13,0.3404
30.14,0.33964
30.15,0.33888
30.16,0.33812
30.17,0.33736
30.18,0.3366
30.19,0.33584
30.2,0.33508
30.21,0.33433
30.22,0.33358
30.23,0.33282
30.24,0.33207
30.25,0.33132
30.26,0.33058
30.27,0.32983
30.28,0.32908
30.29,0.32834
30.3,0.3276
30.31,0.32686
30.32,0.32611
30.33,0.32538
30.34,0.32464
30.35,0.3239
30.36,0.32317
30.37,0.32243
30.38,0.3217
30.39,0.32097
30.4,0.32024
30.41,0.31951
30.42,0.31878
30.43,0.31806
30.44,0.31733
30.45,0.31661
30.46,0.31589
30.47,0.31517
30.48,0.31445
30.49,0.31373
30.5,0.31301
30.51,0.3123
30.52,0.31158
30.53,0.31087
30.54,0.31016
30.55,0.30945
30.56,0.30874
30.57,0.30803
30.58,0.30733
30.59,0.30662
30.6,0.30592
30.61,0.30521
30.62,0.30451
30.63,0.30381
30.64,0.30311
30.65,0.30242
30.66,0.30172
30.67,0.30102
30.68,0.30033
30.69,0.29964
30.7,0.29895
30.71,0.29826
30.72,0.29757
30.73,0.29688
30.74,0.29619
30.75,0.29551
30.76,0.29483
30.77,0.29414
30.78,0.29346
30.79,0.29278
30.8,0.2921
30.81,0.29143
30.82,0.29075
30.83,0.29008
30.84,0.2894
30.85,0.28873
30.86,0.28806
30.87,0.28739
30.88,0.28672
30.89,0.28605
30.9,0.28539
30.91,0.28472
30.92,0.28406
30.93,0.2834
30.94,0.28274
30.95,0.28208
30.96,0.28142
30.97,0.28076
30.98,0.28011
30.99,0.27945
31,0.2788
31.01,0.27814
31.02,0.27749
31.03,0.27684
31.04,0.2762
31.05,0.27555
31.06,0.2749
31.07,0.27426
31.08,0.27361
31.09,0.27297
31.1,0.27233
31.11,0.27169
31.12,0.27105
31.13,0.27041
31.14,0.26978
31.15,0.26914
31.16,0.26851
31.17,0.26787
31.18,0.26724
31.19,0.26661
31.2,0.26598
31.21,0.26536
31.22,0.26473
31.23,0.2641
31.24,0.26348
31.25,0.26286
31.26,0.26223
31.27,0.26161
31.28,0.26099
31.29,0.26038
31.3,0.25976
31.31,0.25914
31.32,0.25853
31.33,0.25792
31.34,0.2573
31.35,0.25669
31.36,0.25608
31.37,0.25547
31.38,0.25487
31.39,0.25426
31.4,0.25366
31.41,0.25305
31.42,0.25245
31.43,0.25185
31.44,0.25125
31.45,0.25065
31.46,0.25005
31.47,0.24945
31.48,0.24886
31.49,0.24826
31.5,0.24767
31.51,0.24708
31.52,0.24649
31.53,0.2459
31.54,0.24531
31.55,0.24472
31.56,0.24414
31.57,0.24355
31.58,0.24297
31.59,0.24238
31.6,0.2418
31.61,0.24122
31.62,0.24064
31.63,0.24006
31.64,0.23949
31.65,0.23891
31.66,0.23834
31.67,0.23776
31.68,0.23719
31.69,0.23662
31.7,0.23605
31.71,0.23548
31.72,0.23491
31.73,0.23435
31.74,0.23378
31.75,0.23322
31.76,0.23265
31.77,0.23209
31.78,0.23153
31.79,0.23097
31.8,0.23041
31.81,0.22985
31.82,0.2293
31.83,0.22874
31.84,0.22819
31.85,0.22764
31.86,0.22708
31.87,0.22653
31.88,0.22598
31.89,0.22544
31.9,0.22489
31.91,0.22434
31.92,0.2238
31.93,0.22325
31.94,0.22271
31.95,0.22217
31.96,0.22163
31.97,0.22109
31.98,0.22055
31.99,0.22001
32,0.21947
32.01,0.21894
32.02,0.21841
32.03,0.21787
32.04,0.21734
32.05,0.21681
32.06,0.21628
32.07,0.21575
32.08,0.21522
32.09,0.2147
32.1,0.21417
32.11,0.21365
32.12,0.21312
32.13,0.2126
32.14,0.21208
32.15,0.21156
32.16,0.21104
32.17,0.21053
32.18,0.21001
32.19,0.20949
32.2,0.20898
32.21,0.20847
32.22,0.20795
32.23,0.20744
32.24,0.20693
32.25,0.20642
32.26,0.20591
32.27,0.20541
32.28,0.2049
32.29,0.2044
32.3,0.20389
32.31,0.20339
32.32,0.20289
32.33,0.20239
32.34,0.20189
32.35,0.20139
32.36,0.20089
32.37,0.20039
32.38,0.1999
32.39,0.1994
32.4,0.19891
32.41,0.19842
32.42,0.19793
32.43,0.19744
32.44,0.19695
32.45,0.19646
32.46,0.19597
32.47,0.19549
32.48,0.195
32.49,0.19452
32.5,0.19403
32.51,0.19355
32.52,0.19307
32.53,0.19259
32.54,0.19211
32.55,0.19163
32.56,0.19116
32.57,0.19068
32.58,0.19021
32.59,0.18973
32.6,0.18926
32.61,0.18879
32.62,0.18832
32.63,0.18785
32.64,0.18738
32.65,0.18691
32.66,0.18645
32.67,0.18598
32.68,0.18551
32.69,0.18505
32.7,0.18459
32.71,0.18413
32.72,0.18367
32.73,0.18321
32.74,0.18275
32.75,0.18229
32.76,0.18183
32.77,0.18138
32.78,0.18092
32.79,0.18047
32.8,0.18002
32.81,0.17956
32.82,0.17911
32.83,0.17866
32.84,0.17821
32.85,0.17777
32.86,0.17732
32.87,0.17687
32.88,0.17643
32.89,0.17598
32.9,0.17554
32.91,0.1751
32.92,0.17466
32.93,0.17422
32.94,0.17378
32.95,0.17334
32.96,0.1729
32.97,0.17247
32.98,0.17203
32.99,0.1716
33,0.17116
33.01,0.17073
33.02,0.1703
33.03,0.16987
33.04,0.16944
33.05,0.16901
33.06,0.16858
33.07,0.16815
33.08,0.16773
33.09,0.1673
33.1,0.16688
33.11,0.16646
33.12,0.16603
33.13,0.16561
33.14,0.16519
33.15,0.16477
33.16,0.16436
33.17,0.16394
33.18,0.16352
33.19,0.16311
33.2,0.16269
33.21,0.16228
33.22,0.16186
33.23,0.16145
33.24,0.16104
33.25,0.16063
33.26,0.16022
33.27,0.15981
33.28,0.15941
33.29,0.159
33.3,0.15859
33.31,0.15819
33.32,0.15778
33.33,0.15738
33.34,0.15698
33.35,0.15658
33.36,0.15618
33.37,0.15578
33.38,0.15538
33.39,0.15498
33.4,0.15459
33.41,0.15419
33.42,0.1538
33.43,0.1534
33.44,0.15301
33.45,0.15262
33.46,0.15223
33.47,0.15183
33.48,0.15145
33.49,0.15106
33.5,0.15067
33.51,0.15028
33.52,0.1499
33.53,0.14951
33.54,0.14913
33.55,0.14874
33.56,0.14836
33.57,0.14798
33.58,0.1476
33.59,0.14722
33.6,0.14684
33.61,0.14646
33.62,0.14608
33.63,0.14571
33.64,0.14533
33.65,0.14496
33.66,0.14458
33.67,0.14421
33.68,0.14384
33.69,0.14347
33.7,0.14309
33.71,0.14272
33.72,0.14236
33.73,0.14199
33.74,0.14162
33.75,0.14125
33.76,0.14089
33.77,0.14052
33.78,0.14016
33.79,0.1398
33.8,0.13943
33.81,0.13907
33.82,0.13871
33.83,0.13835
33.84,0.13799
33.85,0.13764
33.86,0.13728
33.87,0.13692
33.88,0.13657
33.89,0.13621
33.9,0.13586
33.91,0.13551
33.92,0.13515
33.93,0.1348
33.94,0.13445
33.95,0.1341
33.96,0.13375
33.97,0.1334
33.98,0.13306
33.99,0.13271
34,0.13236
34.01,0.13202
34.02,0.13167
34.03,0.13133
34.04,0.13099
34.05,0.13065
34.06,0.1303
34.07,0.12996
34.08,0.12962
34.09,0.12929
34.1,0.12895
34.11,0.12861
34.12,0.12827
34.13,0.12794
34.14,0.1276
34.15,0.12727
34.16,0.12694
34.17,0.1266
34.18,0.12627
34.19,0.12594
34.2,0.12561
34.21,0.12528
34.22,0.12495
34.23,0.12463
34.24,0.1243
34.25,0.12397
34.26,0.12365
34.27,0.12332
34.28,0.123
34.29,0.12267
34.3,0.12235
34.31,0.12203
34.32,0.12171
34.33,0.12139
34.34,0.12107
34.35,0.12075
34.36,0.12043
34.37,0.12012
34.38,0.1198
34.39,0.11948
34.4,0.11917
34.41,0.11885
34.42,0.11854
34.43,0.11823
34.44,0.11792
34.45,0.11761
34.46,0.11729
34.47,0.11698
34.48,0.11668
34.49,0.11637
34.5,0.11606
34.51,0.11575
34.52,0.11545
34.53,0.11514
34.54,0.11484
34.55,0.11453
34.56,0.11423
34.57,0.11393
34.58,0.11362
34.59,0.11332
34.6,0.11302
34.61,0.11272
34.62,0.11242
34.63,0.11213
34.64,0.11183
34.65,0.11153
34.66,0.11124
34.67,0.11094
34.68,0.11065
34.69,0.11035
34.7,0.11006
34.71,0.10977
34.72,0.10947
34.73,0.10918
34.74,0.10889
34.75,0.1086
34.76,0.10831
34.77,0.10802
34.78,0.10774
34.79,0.10745
34.8,0.10716
34.81,0.10688
34.82,0.10659
34.83,0.10631
34.84,0.10603
34.85,0.10574
34.86,0.10546
34.87,0.10518
34.88,0.1049
34.89,0.10462
34.9,0.10434
34.91,0.10406
34.92,0.10378
34.93,0.1035
34.94,0.10323
34.95,0.10295
34.96,0.10267
34.97,0.1024
34.98,0.10213
34.99,0.10185
35,0.10158
35.01,0.10131
35.02,0.10104
35.03,0.10076
35.04,0.10049
35.05,0.10022
35.06,0.0999555
35.07,0.0996872
35.08,0.0994196
35.09,0.0991526
35.1,0.0988863
35.11,0.0986206
35.12,0.0983556
35.13,0.0980912
35.14,0.0978274
35.15,0.0975643
35.16,0.0973018
35.17,0.09704
35.18,0.0967788
35.19,0.0965183
35.2,0.0962584
35.21,0.0959991
35.22,0.0957405
35.23,0.0954824
35.24,0.095225
35.25,0.0949683
35.26,0.0947121
35.27,0.0944566
35.28,0.0942018
35.29,0.0939475
35.3,0.0936939
35.31,0.0934409
35.32,0.0931885
35.33,0.0929367
35.34,0.0926856
35.35,0.092435
35.36,0.0921851
35.37,0.0919358
35.38,0.0916871
35.39,0.091439
35.4,0.0911916
35.41,0.0909447
35.42,0.0906984
35.43,0.0904528
35.44,0.0902077
35.45,0.0899633
35.46,0.0897195
35.47,0.0894762
35.48,0.0892336
35.49,0.0889915
35.5,0.0887501
35.51,0.0885092
35.52,0.088269
35.53,0.0880293
35.54,0.0877902
35.55,0.0875518
35.56,0.0873139
35.57,0.0870766
35.58,0.0868399
35.59,0.0866037
35.6,0.0863682
35.61,0.0861332
35.62,0.0858989
35.63,0.0856651
35.64,0.0854319
35.65,0.0851992
35.66,0.0849672
35.67,0.0847357
35.68,0.0845048
35.69,0.0842745
35.7,0.0840447
35.71,0.0838155
35.72,0.0835869
35.73,0.0833588
35.74,0.0831314
35.75,0.0829045
35.76,0.0826781
35.77,0.0824523
35.78,0.0822271
35.79,0.0820025
35.8,0.0817784
35.81,0.0815548
35.82,0.0813318
35.83,0.0811094
35.84,0.0808875
35.85,0.0806662
35.86,0.0804455
35.87,0.0802253
35.88,0.0800056
35.89,0.0797865
35.9,0.0795679
35.91,0.0793499
35.92,0.0791325
35.93,0.0789155
35.94,0.0786992
35.95,0.0784833
35.96,0.078268
35.97,0.0780533
35.98,0.0778391
35.99,0.0776254
36,0.0774123
36.01,0.0771997
36.02,0.0769876
36.03,0.0767761
36.04,0.0765651
36.05,0.0763546
36.06,0.0761447
36.07,0.0759353
36.08,0.0757264
36.09,0.0755181
36.1,0.0753102
36.11,0.0751029
36.12,0.0748962
36.13,0.0746899
36.14,0.0744842
36.15,0.074279
36.16,0.0740743
36.17,0.0738701
36.18,0.0736664
36.19,0.0734633
36.2,0.0732606
36.21,0.0730585
36.22,0.0728569
36.23,0.0726558
36.24,0.0724552
36.25,0.0722551
36.26,0.0720555
36.27,0.0718565
36.28,0.0716579
36.29,0.0714598
36.3,0.0712623
36.31,0.0710652
36.32,0.0708687
36.33,0.0706726
36.34,0.0704771
36.35,0.070282
36.36,0.0700875
36.37,0.0698934
36.38,0.0696998
36.39,0.0695067
36.4,0.0693142
36.41,0.0691221
36.42,0.0689305
36.43,0.0687394
36.44,0.0685487
36.45,0.0683586
36.46,0.0681689
36.47,0.0679798
36.48,0.0677911
36.49,0.0676029
36.5,0.0674151
36.51,0.0672279
36.52,0.0670411
36.53,0.0668548
36.54,0.066669
36.55,0.0664837
36.56,0.0662988
36.57,0.0661144
36.58,0.0659305
36.59,0.0657471
36.6,0.0655641
36.61,0.0653816
36.619,0.0651996
36.629,0.065018
36.639,0.0648369
36.649,0.0646563
36.659,0.0644761
36.669,0.0642964
36.679,0.0641171
36.689,0.0639383
36.699,0.06376
36.709,0.0635821
36.719,0.0634048
36.729,0.0632278
36.739,0.0630513
36.749,0.0628753
36.759,0.0626997
36.769,0.0625245
36.779,0.0623499
36.789,0.0621756
36.799,0.0620018
36.809,0.0618285
36.819,0.0616556
36.829,0.0614832
36.839,0.0613112
36.849,0.0611397
36.859,0.0609686
36.869,0.0607979
36.879,0.0606277
36.889,0.0604579
36.899,0.0602885
36.909,0.0601196
36.919,0.0599512
36.929,0.0597832
36.939,0.0596156
36.949,0.0594484
36.959,0.0592817
36.969,0.0591154
36.979,0.0589496
36.989,0.0587841
36.999,0.0586191
37.009,0.0584545
37.019,0.0582904
37.029,0.0581267
37.039,0.0579634
37.049,0.0578005
37.059,0.0576381
37.069,0.0574761
37.079,0.0573145
37.089,0.0571533
37.099,0.0569926
37.109,0.0568322
37.119,0.0566723
37.129,0.0565128
37.139,0.0563537
37.149,0.056195
37.159,0.0560368
37.169,0.0558789
37.179,0.0557215
37.189,0.0555645
37.199,0.0554079
37.209,0.0552517
37.219,0.0550959
37.229,0.0549405
37.239,0.0547855
37.249,0.054631
37.259,0.0544768
37.269,0.054323
37.279,0.0541697
37.289,0.0540167
37.299,0.0538642
37.309,0.053712
37.319,0.0535603
37.329,0.0534089
37.339,0.0532579
37.349,0.0531074
37.359,0.0529572
37.369,0.0528074
37.379,0.052658
37.389,0.0525091
37.399,0.0523605
37.409,0.0522123
37.419,0.0520644
37.429,0.051917
37.439,0.05177
37.449,0.0516233
37.459,0.051477
37.469,0.0513312
37.479,0.0511857
37.489,0.0510405
37.499,0.0508958
37.509,0.0507515
37.519,0.0506075
37.529,0.0504639
37.539,0.0503207
37.549,0.0501779
37.559,0.0500354
37.569,0.0498933
37.579,0.0497516
37.589,0.0496103
37.599,0.0494693
37.609,0.0493288
37.619,0.0491885
37.629,0.0490487
37.639,0.0489092
37.649,0.0487701
37.659,0.0486314
37.669,0.048493
37.679,0.048355
37.689,0.0482174
37.699,0.0480801
37.709,0.0479432
37.719,0.0478067
37.729,0.0476705
37.739,0.0475347
37.749,0.0473992
37.759,0.0472642
37.769,0.0471294
37.779,0.046995
37.789,0.046861
37.799,0.0467274
37.809,0.0465941
37.819,0.0464611
37.829,0.0463285
37.839,0.0461962
37.849,0.0460644
37.859,0.0459328
37.869,0.0458016
37.879,0.0456708
37.889,0.0455403
37.899,0.0454101
37.909,0.0452803
37.919,0.0451509
37.929,0.0450218
37.939,0.044893
37.949,0.0447646
37.959,0.0446365
37.969,0.0445088
37.979,0.0443814
37.989,0.0442543
37.999,0.0441276
38.009,0.0440012
38.019,0.0438752
38.029,0.0437495
38.039,0.0436241
38.049,0.0434991
38.059,0.0433744
38.069,0.04325
38.079,0.043126
38.089,0.0430023
38.099,0.042879
38.109,0.0427559
38.119,0.0426332
38.129,0.0425109
38.139,0.0423888
38.149,0.0422671
38.159,0.0421457
38.169,0.0420247
38.179,0.0419039
38.189,0.0417835
38.199,0.0416634
38.209,0.0415437
38.219,0.0414242
38.229,0.0413051
38.239,0.0411863
38.249,0.0410678
38.259,0.0409496
38.269,0.0408318
38.279,0.0407143
38.289,0.0405971
38.299,0.0404802
38.309,0.0403636
38.319,0.0402473
38.329,0.0401314
38.339,0.0400157
38.349,0.0399004
38.359,0.0397854
38.369,0.0396707
38.379,0.0395563
38.389,0.0394422
38.399,0.0393284
38.409,0.0392149
38.419,0.0391018
38.429,0.0389889
38.439,0.0388763
38.449,0.0387641
38.459,0.0386521
38.469,0.0385405
38.479,0.0384292
38.489,0.0383181
38.499,0.0382074
38.509,0.038097
38.519,0.0379868
38.529,0.037877
38.539,0.0377674
38.549,0.0376582
38.559,0.0375492
38.569,0.0374406
38.579,0.0373322
38.589,0.0372242
38.599,0.0371164
38.609,0.0370089
38.619,0.0369017
38.629,0.0367948
38.639,0.0366882
38.649,0.0365819
38.659,0.0364759
38.669,0.0363701
38.679,0.0362647
38.689,0.0361595
38.699,0.0360547
38.709,0.0359501
38.719,0.0358458
38.729,0.0357417
38.739,0.035638
38.749,0.0355346
38.759,0.0354314
38.769,0.0353285
38.779,0.0352259
38.789,0.0351236
38.799,0.0350215
38.809,0.0349197
38.819,0.0348182
38.829,0.034717
38.839,0.0346161
38.849,0.0345154
38.859,0.034415
38.869,0.0343149
38.879,0.0342151
38.889,0.0341155
38.899,0.0340162
38.909,0.0339172
38.919,0.0338184
38.929,0.0337199
38.939,0.0336217
38.949,0.0335238
38.959,0.0334261
38.969,0.0333287
38.979,0.0332315
38.989,0.0331347
38.999,0.0330381
39.009,0.0329417
39.019,0.0328456
39.029,0.0327498
39.039,0.0326543
39.049,0.032559
39.059,0.032464
39.069,0.0323692
39.079,0.0322747
39.089,0.0321804
39.099,0.0320864
39.109,0.0319927
39.119,0.0318992
39.129,0.031806
39.139,0.0317131
39.149,0.0316204
39.159,0.0315279
39.169,0.0314357
39.179,0.0313438
39.189,0.0312521
39.199,0.0311607
39.209,0.0310695
39.219,0.0309786
39.229,0.0308879
39.239,0.0307975
39.249,0.0307073
39.259,0.0306173
39.269,0.0305277
39.279,0.0304382
39.289,0.030349
39.299,0.0302601
39.309,0.0301714
39.319,0.030083
39.329,0.0299947
39.339,0.0299068
39.349,0.0298191
39.359,0.0297316
39.369,0.0296443
39.379,0.0295574
39.389,0.0294706
39.399,0.0293841
39.409,0.0292978
39.419,0.0292118
39.429,0.029126
39.439,0.0290404
39.449,0.0289551
39.459,0.02887
39.469,0.0287852
39.479,0.0287006
39.489,0.0286162
39.499,0.028532
39.509,0.0284481
39.519,0.0283644
39.529,0.028281
39.539,0.0281978
39.549,0.0281148
39.559,0.0280321
39.569,0.0279495
39.579,0.0278672
39.589,0.0277852
39.599,0.0277033
39.609,0.0276217
39.619,0.0275404
39.629,0.0274592
39.639,0.0273783
39.649,0.0272976
39.659,0.0272171
39.669,0.0271368
39.679,0.0270568
39.689,0.026977
39.699,0.0268974
39.709,0.026818
39.719,0.0267389
39.729,0.02666
39.739,0.0265813
39.749,0.0265028
39.759,0.0264245
39.769,0.0263465
39.779,0.0262687
39.789,0.0261911
39.799,0.0261137
39.809,0.0260365
39.819,0.0259595
39.829,0.0258828
39.839,0.0258063
39.849,0.02573
39.859,0.0256539
39.869,0.025578
39.879,0.0255023
39.889,0.0254268
39.899,0.0253516
39.909,0.0252765
39.919,0.0252017
39.929,0.0251271
39.939,0.0250527
39.949,0.0249785
39.959,0.0249045
39.969,0.0248307
39.979,0.0247571
39.989,0.0246837
39.999,0.0246105
40.009,0.0245376
40.019,0.0244648
40.029,0.0243923
40.039,0.0243199
40.049,0.0242477
40.059,0.0241758
40.069,0.0241041
40.079,0.0240325
40.089,0.0239612
40.099,0.02389
40.109,0.0238191
40.119,0.0237483
40.129,0.0236778
40.139,0.0236075
40.149,0.0235373
40.159,0.0234674
40.169,0.0233976
40.179,0.0233281
40.189,0.0232587
40.199,0.0231895
40.209,0.0231206
40.219,0.0230518
40.229,0.0229832
40.239,0.0229148
40.249,0.0228466
40.259,0.0227786
40.269,0.0227108
40.279,0.0226432
40.289,0.0225758
40.299,0.0225085
40.309,0.0224415
40.319,0.0223746
40.329,0.0223079
40.339,0.0222415
40.349,0.0221752
40.359,0.0221091
40.369,0.0220432
40.379,0.0219774
40.389,0.0219119
40.399,0.0218465
40.409,0.0217813
40.419,0.0217163
40.429,0.0216515
40.439,0.0215869
40.449,0.0215225
40.459,0.0214582
40.469,0.0213941
40.479,0.0213302
40.489,0.0212665
40.499,0.021203
40.509,0.0211396
40.519,0.0210765
40.529,0.0210135
40.539,0.0209507
40.549,0.020888
40.559,0.0208256
40.569,0.0207633
40.579,0.0207012
40.589,0.0206393
40.599,0.0205775
40.609,0.0205159
40.619,0.0204545
40.629,0.0203933
40.639,0.0203322
40.649,0.0202714
40.659,0.0202106
40.669,0.0201501
40.679,0.0200898
40.689,0.0200296
40.699,0.0199695
40.709,0.0199097
40.719,0.01985
40.729,0.0197905
40.739,0.0197312
40.749,0.019672
40.759,0.019613
40.769,0.0195542
40.779,0.0194955
40.789,0.019437
40.799,0.0193787
40.809,0.0193205
40.819,0.0192625
40.829,0.0192047
40.839,0.019147
40.849,0.0190895
40.859,0.0190322
40.869,0.018975
40.879,0.018918
40.889,0.0188612
40.899,0.0188045
40.909,0.018748
40.919,0.0186916
40.929,0.0186354
40.939,0.0185794
40.949,0.0185235
40.959,0.0184678
40.969,0.0184122
40.979,0.0183568
40.989,0.0183016
40.999,0.0182465
41.009,0.0181915
41.019,0.0181368
41.029,0.0180822
41.039,0.0180277
41.049,0.0179734
41.059,0.0179193
41.069,0.0178653
41.079,0.0178114
41.089,0.0177578
41.099,0.0177042
41.109,0.0176509
41.119,0.0175976
41.129,0.0175446
41.139,0.0174917
41.149,0.0174389
41.159,0.0173863
41.169,0.0173338
41.179,0.0172815
41.189,0.0172294
41.199,0.0171774
41.209,0.0171255
41.219,0.0170738
41.229,0.0170222
41.239,0.0169708
41.249,0.0169196
41.259,0.0168684
41.269,0.0168175
41.279,0.0167667
41.289,0.016716
41.299,0.0166655
41.309,0.0166151
41.319,0.0165648
41.329,0.0165147
41.339,0.0164648
41.349,0.016415
41.359,0.0163653
41.369,0.0163158
41.379,0.0162664
41.389,0.0162172
41.399,0.0161681
41.409,0.0161191
41.419,0.0160703
41.429,0.0160217
41.439,0.0159731
41.449,0.0159247
41.459,0.0158765
41.469,0.0158284
41.479,0.0157804
41.489,0.0157326
41.499,0.0156849
41.509,0.0156373
41.519,0.0155899
41.529,0.0155426
41.539,0.0154955
41.549,0.0154485
41.559,0.0154016
41.569,0.0153549
41.579,0.0153083
41.589,0.0152618
41.599,0.0152155
41.609,0.0151693
41.619,0.0151232
41.629,0.0150773
41.639,0.0150315
41.649,0.0149859
41.659,0.0149403
41.669,0.0148949
41.679,0.0148497
41.689,0.0148045
41.699,0.0147595
41.709,0.0147146
41.719,0.0146699
41.729,0.0146253
41.739,0.0145808
41.749,0.0145365
41.759,0.0144922
41.769,0.0144481
41.779,0.0144042
41.789,0.0143603
41.799,0.0143166
41.809,0.014273
41.819,0.0142296
41.829,0.0141862
41.839,0.014143
41.849,0.0140999
41.859,0.014057
41.869,0.0140142
41.879,0.0139714
41.889,0.0139289
41.899,0.0138864
41.909,0.0138441
41.919,0.0138019
41.929,0.0137598
41.939,0.0137178
41.949,0.013676
41.959,0.0136342
41.969,0.0135926
41.979,0.0135512
41.989,0.0135098
41.999,0.0134686
42.009,0.0134275
42.019,0.0133865
42.029,0.0133456
42.039,0.0133048
42.049,0.0132642
42.059,0.0132237
42.069,0.0131833
42.079,0.013143
42.089,0.0131028
42.099,0.0130628
42.109,0.0130228
42.119,0.012983
42.129,0.0129433
42.139,0.0129037
42.149,0.0128643
42.159,0.0128249
42.169,0.0127857
42.179,0.0127466
42.189,0.0127076
42.199,0.0126687
42.209,0.0126299
42.219,0.0125912
42.229,0.0125527
42.239,0.0125142
42.249,0.0124759
42.259,0.0124377
42.269,0.0123996
42.279,0.0123616
42.289,0.0123237
42.299,0.012286
42.309,0.0122483
42.319,0.0122108
42.329,0.0121733
42.339,0.012136
42.349,0.0120988
42.359,0.0120617
42.369,0.0120247
42.379,0.0119878
42.389,0.011951
42.399,0.0119143
42.409,0.0118778
42.419,0.0118413
42.429,0.0118049
42.439,0.0117687
42.449,0.0117326
42.459,0.0116965
42.469,0.0116606
42.479,0.0116248
42.489,0.0115891
42.499,0.0115535
42.509,0.011518
42.519,0.0114826
42.529,0.0114473
42.539,0.0114121
42.549,0.011377
42.559,0.011342
42.569,0.0113071
42.578,0.0112723
42.588,0.0112377
42.598,0.0112031
42.608,0.0111686
42.618,0.0111343
42.628,0.0111
42.638,0.0110658
42.648,0.0110317
42.658,0.0109978
42.668,0.0109639
42.678,0.0109301
42.688,0.0108965
42.698,0.0108629
42.708,0.0108294
42.718,0.0107961
42.728,0.0107628
42.738,0.0107296
42.748,0.0106966
42.758,0.0106636
42.768,0.0106307
42.778,0.0105979
42.788,0.0105652
42.798,0.0105326
42.808,0.0105001
42.818,0.0104677
42.828,0.0104354
42.838,0.0104032
42.848,0.0103711
42.858,0.0103391
42.868,0.0103072
42.878,0.0102754
42.888,0.0102436
42.898,0.010212
42.908,0.0101805
42.918,0.010149
42.928,0.0101177
42.938,0.0100864
42.948,0.0100552
42.958,0.0100241
42.968,0.00999316
42.978,0.00996226
42.988,0.00993146
42.998,0.00990075
43.008,0.00987013
43.018,0.0098396
43.028,0.00980917
43.038,0.00977882
43.048,0.00974856
43.058,0.00971839
43.068,0.00968831
43.078,0.00965832
43.088,0.00962842
43.098,0.00959861
43.108,0.00956889
43.118,0.00953925
43.128,0.00950971
43.138,0.00948025
43.148,0.00945088
43.158,0.0094216
43.168,0.0093924
43.178,0.00936329
43.188,0.00933427
43.198,0.00930533
43.208,0.00927648
43.218,0.00924771
43.228,0.00921904
43.238,0.00919044
43.248,0.00916193
43.258,0.00913351
43.268,0.00910517
43.278,0.00907692
43.288,0.00904875
43.298,0.00902066
43.308,0.00899266
43.318,0.00896474
43.328,0.00893691
43.338,0.00890915
43.348,0.00888148
43.358,0.0088539
43.368,0.00882639
43.378,0.00879897
43.388,0.00877163
43.398,0.00874437
43.408,0.00871719
43.418,0.00869009
43.428,0.00866308
43.438,0.00863614
43.448,0.00860929
43.458,0.00858252
43.468,0.00855582
43.478,0.0085292
43.488,0.00850267
43.498,0.00847621
43.508,0.00844984
43.518,0.00842354
43.528,0.00839732
43.538,0.00837118
43.548,0.00834512
43.558,0.00831914
43.568,0.00829323
43.578,0.0082674
43.588,0.00824165
43.598,0.00821598
43.608,0.00819038
43.618,0.00816486
43.628,0.00813942
43.638,0.00811405
43.648,0.00808876
43.658,0.00806354
43.668,0.0080384
43.678,0.00801334
43.688,0.00798835
43.698,0.00796343
43.708,0.00793859
43.718,0.00791383
43.728,0.00788913
43.738,0.00786452
43.748,0.00783997
43.758,0.0078155
43.768,0.00779111
43.778,0.00776679
43.788,0.00774254
43.798,0.00771836
43.808,0.00769426
43.818,0.00767022
43.828,0.00764626
43.838,0.00762238
43.848,0.00759856
43.858,0.00757482
43.868,0.00755114
43.878,0.00752754
43.888,0.00750401
43.898,0.00748055
43.908,0.00745716
43.918,0.00743384
43.928,0.0074106
43.938,0.00738742
43.948,0.00736431
43.958,0.00734127
43.968,0.0073183
43.978,0.0072954
43.988,0.00727257
43.998,0.00724981
44.008,0.00722711
44.018,0.00720449
44.028,0.00718193
44.038,0.00715944
44.048,0.00713702
44.058,0.00711466
44.068,0.00709238
44.078,0.00707016
44.088,0.00704801
44.098,0.00702592
44.108,0.0070039
44.118,0.00698195
44.128,0.00696006
44.138,0.00693824
44.148,0.00691649
44.158,0.0068948
44.168,0.00687318
44.178,0.00685162
44.188,0.00683013
44.198,0.0068087
44.208,0.00678734
44.218,0.00676604
44.228,0.0067448
44.238,0.00672363
44.248,0.00670253
44.258,0.00668149
44.268,0.00666051
44.278,0.00663959
44.288,0.00661874
44.298,0.00659795
44.308,0.00657723
44.318,0.00655657
44.328,0.00653597
44.338,0.00651543
44.348,0.00649495
44.358,0.00647454
44.368,0.00645419
44.378,0.0064339
44.388,0.00641367
44.398,0.00639351
44.408,0.0063734
44.418,0.00635335
44.428,0.00633337
44.438,0.00631345
44.448,0.00629358
44.458,0.00627378
44.468,0.00625404
44.478,0.00623435
44.488,0.00621473
44.498,0.00619517
44.508,0.00617566
44.518,0.00615622
44.528,0.00613683
44.538,0.00611751
44.548,0.00609824
44.558,0.00607903
44.568,0.00605988
44.578,0.00604078
44.588,0.00602175
44.598,0.00600277
44.608,0.00598385
44.618,0.00596499
44.628,0.00594618
44.638,0.00592743
44.648,0.00590874
44.658,0.00589011
44.668,0.00587153
44.678,0.00585301
44.688,0.00583455
44.698,0.00581614
44.708,0.00579779
44.718,0.00577949
44.728,0.00576125
44.738,0.00574307
44.748,0.00572494
44.758,0.00570686
44.768,0.00568884
44.778,0.00567088
44.788,0.00565297
44.798,0.00563512
44.808,0.00561732
44.818,0.00559957
44.828,0.00558188
44.838,0.00556424
44.848,0.00554666
44.858,0.00552912
44.868,0.00551165
44.878,0.00549422
44.888,0.00547685
44.898,0.00545953
44.908,0.00544227
44.918,0.00542506
44.928,0.0054079
44.938,0.00539079
44.948,0.00537374
44.958,0.00535673
44.968,0.00533978
44.978,0.00532288
44.988,0.00530603
44.998,0.00528924
45.008,0.00527249
45.018,0.0052558
45.028,0.00523916
45.038,0.00522257
45.048,0.00520603
45.058,0.00518954
45.068,0.0051731
45.078,0.00515671
45.088,0.00514037
45.098,0.00512408
45.108,0.00510784
45.118,0.00509165
45.128,0.00507551
45.138,0.00505942
45.148,0.00504338
45.158,0.00502739
45.168,0.00501144
45.178,0.00499555
45.188,0.0049797
45.198,0.00496391
45.208,0.00494816
45.218,0.00493246
45.228,0.00491681
45.238,0.0049012
45.248,0.00488564
45.258,0.00487014
45.268,0.00485468
45.278,0.00483926
45.288,0.00482389
45.298,0.00480858
45.308,0.0047933
45.318,0.00477808
45.328,0.0047629
45.338,0.00474777
45.348,0.00473268
45.358,0.00471764
45.368,0.00470265
45.378,0.0046877
45.388,0.0046728
45.398,0.00465795
45.408,0.00464314
45.418,0.00462837
45.428,0.00461365
45.438,0.00459898
45.448,0.00458435
45.458,0.00456977
45.468,0.00455523
45.478,0.00454074
45.488,0.00452629
45.498,0.00451188
45.508,0.00449752
45.518,0.00448321
45.528,0.00446893
45.538,0.00445471
45.548,0.00444052
45.558,0.00442638
45.568,0.00441228
45.578,0.00439823
45.588,0.00438422
45.598,0.00437025
45.608,0.00435633
45.618,0.00434245
45.628,0.00432861
45.638,0.00431481
45.648,0.00430106
45.658,0.00428735
45.668,0.00427368
45.678,0.00426005
45.688,0.00424647
45.698,0.00423293
45.708,0.00421943
45.718,0.00420597
45.728,0.00419255
45.738,0.00417917
45.748,0.00416584
45.758,0.00415254
45.768,0.00413929
45.778,0.00412608
45.788,0.00411291
45.798,0.00409978
45.808,0.00408669
45.818,0.00407364
45.828,0.00406063
45.838,0.00404766
45.848,0.00403473
45.858,0.00402185
45.868,0.004009
45.878,0.00399619
45.888,0.00398342
45.898,0.00397069
45.908,0.003958
45.918,0.00394535
45.928,0.00393273
45.938,0.00392016
45.948,0.00390763
45.958,0.00389513
45.968,0.00388267
45.978,0.00387026
45.988,0.00385788
45.998,0.00384553
46.008,0.00383323
46.018,0.00382097
46.028,0.00380874
46.038,0.00379655
46.048,0.0037844
46.058,0.00377229
46.068,0.00376021
46.078,0.00374817
46.088,0.00373617
46.098,0.00372421
46.108,0.00371228
46.118,0.00370039
46.128,0.00368854
46.138,0.00367672
46.148,0.00366494
46.158,0.00365319
46.168,0.00364149
46.178,0.00362982
46.188,0.00361818
46.198,0.00360659
46.208,0.00359502
46.218,0.0035835
46.228,0.00357201
46.238,0.00356055
46.248,0.00354913
46.258,0.00353775
46.268,0.0035264
46.278,0.00351509
46.288,0.00350381
46.298,0.00349257
46.308,0.00348136
46.318,0.00347019
46.328,0.00345905
46.338,0.00344795
46.348,0.00343688
46.358,0.00342584
46.368,0.00341484
46.378,0.00340388
46.388,0.00339294
46.398,0.00338205
46.408,0.00337118
46.418,0.00336035
46.428,0.00334956
46.438,0.00333879
46.448,0.00332806
46.458,0.00331737
46.468,0.00330671
46.478,0.00329608
46.488,0.00328548
46.498,0.00327492
46.508,0.00326439
46.518,0.00325389
46.528,0.00324342
46.538,0.00323299
46.548,0.00322259
46.558,0.00321223
46.568,0.00320189
46.578,0.00319159
46.588,0.00318132
46.598,0.00317108
46.608,0.00316087
46.618,0.0031507
46.628,0.00314056
46.638,0.00313044
46.648,0.00312036
46.658,0.00311032
46.668,0.0031003
46.678,0.00309031
46.688,0.00308036
46.698,0.00307044
46.708,0.00306054
46.718,0.00305068
46.728,0.00304085
46.738,0.00303105
46.748,0.00302128
46.758,0.00301154
46.768,0.00300184
46.778,0.00299216
46.788,0.00298251
46.798,0.00297289
46.808,0.00296331
46.818,0.00295375
46.828,0.00294422
46.838,0.00293472
46.848,0.00292526
46.858,0.00291582
46.868,0.00290641
46.878,0.00289703
46.888,0.00288768
46.898,0.00287836
46.908,0.00286907
46.918,0.00285981
46.928,0.00285057
46.938,0.00284137
46.948,0.00283219
46.958,0.00282305
46.968,0.00281393
46.978,0.00280484
46.988,0.00279578
46.998,0.00278674
47.008,0.00277774
47.018,0.00276876
47.028,0.00275982
47.038,0.0027509
47.048,0.002742
47.058,0.00273314
47.068,0.0027243
47.078,0.0027155
47.088,0.00270672
47.098,0.00269796
47.108,0.00268924
47.118,0.00268054
47.128,0.00267187
47.138,0.00266322
47.148,0.00265461
47.158,0.00264602
47.168,0.00263745
47.178,0.00262892
47.188,0.00262041
47.198,0.00261193
47.208,0.00260347
47.218,0.00259504
47.228,0.00258664
47.238,0.00257826
47.248,0.00256991
47.258,0.00256159
47.268,0.00255329
47.278,0.00254502
47.288,0.00253678
47.298,0.00252856
47.308,0.00252037
47.318,0.0025122
47.328,0.00250406
47.338,0.00249594
47.348,0.00248785
47.358,0.00247978
47.368,0.00247174
47.378,0.00246373
47.388,0.00245574
47.398,0.00244778
47.408,0.00243984
47.418,0.00243192
47.428,0.00242403
47.438,0.00241617
47.448,0.00240833
47.458,0.00240052
47.468,0.00239272
47.478,0.00238496
47.488,0.00237722
47.498,0.0023695
47.508,0.00236181
47.518,0.00235414
47.528,0.0023465
47.538,0.00233888
47.548,0.00233128
47.558,0.00232371
47.568,0.00231616
47.578,0.00230864
47.588,0.00230114
47.598,0.00229366
47.608,0.00228621
47.618,0.00227878
47.628,0.00227137
47.638,0.00226399
47.648,0.00225663
47.658,0.00224929
47.668,0.00224198
47.678,0.00223469
47.688,0.00222742
47.698,0.00222018
47.708,0.00221296
47.718,0.00220576
47.728,0.00219859
47.738,0.00219143
47.748,0.0021843
47.758,0.0021772
47.768,0.00217011
47.778,0.00216305
47.788,0.00215601
47.798,0.00214899
47.808,0.00214199
47.818,0.00213502
47.828,0.00212807
47.838,0.00212114
47.848,0.00211423
47.858,0.00210735
47.868,0.00210048
47.878,0.00209364
47.888,0.00208682
47.898,0.00208002
47.908,0.00207324
47.918,0.00206649
47.928,0.00205975
47.938,0.00205304
47.948,0.00204635
47.958,0.00203968
47.968,0.00203303
47.978,0.0020264
47.988,0.00201979
47.998,0.0020132
48.008,0.00200664
48.018,0.00200009
48.028,0.00199357
48.038,0.00198707
48.048,0.00198058
48.058,0.00197412
48.068,0.00196768
48.078,0.00196126
48.088,0.00195486
48.098,0.00194848
48.108,0.00194212
48.118,0.00193578
48.128,0.00192946
48.138,0.00192316
48.148,0.00191688
48.158,0.00191062
48.168,0.00190438
48.178,0.00189816
48.188,0.00189196
48.198,0.00188578
48.208,0.00187961
48.218,0.00187347
48.228,0.00186735
48.238,0.00186125
48.248,0.00185516
48.258,0.0018491
48.268,0.00184306
48.278,0.00183703
48.288,0.00183102
48.298,0.00182504
48.308,0.00181907
48.318,0.00181312
48.328,0.00180719
48.338,0.00180128
48.348,0.00179539
48.358,0.00178951
48.368,0.00178366
48.378,0.00177782
48.388,0.001772
48.398,0.00176621
48.408,0.00176042
48.418,0.00175466
48.428,0.00174892
48.438,0.00174319
48.448,0.00173749
48.458,0.0017318
48.468,0.00172613
48.478,0.00172047
48.488,0.00171484
48.498,0.00170922
48.508,0.00170362
48.518,0.00169804
48.528,0.00169248
48.537,0.00168693
48.547,0.0016814
48.557,0.00167589
48.567,0.0016704
48.577,0.00166492
48.587,0.00165947
48.597,0.00165403
48.607,0.0016486
48.617,0.0016432
48.627,0.00163781
48.637,0.00163244
48.647,0.00162708
48.657,0.00162175
48.667,0.00161643
48.677,0.00161112
48.687,0.00160584
48.697,0.00160057
48.707,0.00159532
48.717,0.00159008
48.727,0.00158486
48.737,0.00157966
48.747,0.00157447
48.757,0.00156931
48.767,0.00156415
48.777,0.00155902
48.787,0.0015539
48.797,0.00154879
48.807,0.00154371
48.817,0.00153864
48.827,0.00153358
48.837,0.00152854
48.847,0.00152352
48.857,0.00151852
48.867,0.00151353
48.877,0.00150855
48.887,0.00150359
48.897,0.00149865
48.907,0.00149373
48.917,0.00148882
48.927,0.00148392
48.937,0.00147904
48.947,0.00147418
48.957,0.00146933
48.967,0.0014645
48.977,0.00145968
48.987,0.00145488
48.997,0.00145009
49.007,0.00144532
49.017,0.00144057
49.027,0.00143583
49.037,0.0014311
49.047,0.00142639
49.057,0.0014217
49.067,0.00141702
49.077,0.00141235
49.087,0.0014077
49.097,0.00140307
49.107,0.00139845
49.117,0.00139384
49.127,0.00138925
49.137,0.00138468
49.147,0.00138012
49.157,0.00137557
49.167,0.00137104
49.177,0.00136652
49.187,0.00136202
49.197,0.00135753
49.207,0.00135305
49.217,0.0013486
49.227,0.00134415
49.237,0.00133972
49.247,0.0013353
49.257,0.0013309
49.267,0.00132651
49.277,0.00132214
49.287,0.00131778
49.297,0.00131343
49.307,0.0013091
49.317,0.00130478
49.327,0.00130048
49.337,0.00129619
49.347,0.00129191
49.357,0.00128765
49.367,0.0012834
49.377,0.00127916
49.387,0.00127494
49.397,0.00127073
49.407,0.00126654
49.417,0.00126236
49.427,0.00125819
49.437,0.00125403
49.447,0.00124989
49.457,0.00124576
49.467,0.00124165
49.477,0.00123755
49.487,0.00123346
49.497,0.00122939
49.507,0.00122532
49.517,0.00122128
49.527,0.00121724
49.537,0.00121322
49.547,0.00120921
49.557,0.00120521
49.567,0.00120123
49.577,0.00119726
49.587,0.0011933
49.597,0.00118935
49.607,0.00118542
49.617,0.0011815
49.627,0.00117759
49.637,0.0011737
49.647,0.00116982
49.657,0.00116595
49.667,0.00116209
49.677,0.00115824
49.687,0.00115441
49.697,0.00115059
49.707,0.00114678
49.717,0.00114299
49.727,0.00113921
49.737,0.00113544
49.747,0.00113168
49.757,0.00112793
49.767,0.0011242
49.777,0.00112047
49.787,0.00111676
49.797,0.00111306
49.807,0.00110938
49.817,0.0011057
49.827,0.00110204
49.837,0.00109839
49.847,0.00109475
49.857,0.00109112
49.867,0.00108751
49.877,0.0010839
49.887,0.00108031
49.897,0.00107673
49.907,0.00107316
49.917,0.0010696
49.927,0.00106606
49.937,0.00106252
49.947,0.001059
49.957,0.00105549
49.967,0.00105199
49.977,0.0010485
49.987,0.00104502
49.997,0.00104156
50,0.00104085