0.03999999911,5.924223555e-037
0.07999999821,3.565969733e-035
0.1199999973,1.079651429e-033
0.1599999964,2.194689683e-032
0.1999999881,3.371041557e-031
0.2399999946,4.173923524e-030
0.2800000012,4.339684101e-029
0.3199999928,3.896716482e-028
0.3599999845,3.084072509e-027
0.3999999762,2.184953193e-026
0.4399999976,1.402526157e-025
0.4799999893,8.237381715e-025
0.5199999809,4.462913124e-024
0.5600000024,2.24596825e-023
0.5999999642,1.056155063e-022
0.6399999857,4.66476955e-022
0.6800000072,1.943865958e-021
0.719999969,7.672788422e-021
0.7599999905,2.878783695e-020
0.7999999523,1.029880511e-019
0.8399999738,3.522917768e-019
0.8799999952,1.155195155e-018
0.9199999571,3.63951115e-018
0.9599999785,1.104009839e-017
1,3.230510207e-017
1.039999962,9.134624988e-017
1.079999924,2.499894659e-016
1.120000005,6.631329359e-016
1.159999967,1.707322172e-015
1.199999928,4.271807382e-015
1.24000001,1.039924711e-014
1.279999971,2.465842336e-014
1.319999933,5.700794654e-014
1.360000014,1.28617562e-013
1.399999976,2.834163839e-013
1.439999938,6.104878972e-013
1.480000019,1.286574796e-012
1.519999981,2.65505673e-012
1.559999943,5.369571541e-012
1.599999905,1.064949431e-011
1.639999986,2.07243233e-011
1.679999948,3.958942896e-011
1.719999909,7.426273485e-011
1.75999999,1.368282154e-010
1.799999952,2.476861771e-010
1.839999914,4.406764398e-010
1.879999995,7.930270884e-010
1.919999957,1.456322618e-009
1.959999919,2.69082312e-009
2,4.894902261e-009
2.039999962,8.758134662e-009
2.079999924,1.542320405e-008
2.119999886,2.674673105e-008
2.159999847,4.569850276e-008
2.200000048,7.695669524e-008
2.24000001,1.277811492e-007
2.279999971,2.092739351e-007
2.319999933,3.381706222e-007
2.359999895,5.39345649e-007
2.399999857,8.492624488e-007
2.440000057,1.320652018e-006
2.480000019,2.028760036e-006
2.519999981,3.079561338e-006
2.559999943,4.620398158e-006
2.599999905,6.853546893e-006
2.639999866,1.005325066e-005
2.679999828,1.458678526e-005
2.720000029,2.09400805e-005
2.75999999,2.974842027e-005
2.799999952,4.183258352e-005
2.839999914,5.824070831e-005
2.879999876,8.029591118e-005
2.919999838,0.0001096494452
2.960000038,0.0001483388623
3,0.0001988502772
3.039999962,0.0002641834726
3.079999924,0.0003479179577
3.119999886,0.0004542779643
3.159999847,0.0005881937686
3.199999809,0.0007553562755
3.24000001,0.0009622619255
3.279999971,0.001216244069
3.319999933,0.001525488216
3.359999895,0.001899027266
3.399999857,0.002346713794
3.439999819,0.00287916814
3.480000019,0.003507697955
3.519999981,0.004244192969
3.559999943,0.005100988317
3.599999905,0.006090707146
3.639999866,0.007226072252
3.679999828,0.008519703522
3.720000029,0.009983896278
3.75999999,0.01163032278
3.799999952,0.01347009279
3.839999914,0.01551301125
3.879999876,0.017767746
3.919999838,0.02024151012
3.9599998,0.02293987013
4,0.02586658858
4.039999962,0.02902350388
4.079999924,0.03241044655
4.119999886,0.03602520004
4.159999847,0.03986350447
4.199999809,0.04391909763
4.239999771,0.04818380997
4.279999733,0.05264768004
4.319999695,0.05729913339
4.360000134,0.06212516874
4.400000095,0.06711158156
4.440000057,0.0722431913
4.480000019,0.07750411332
4.519999981,0.08287806064
4.559999943,0.08834831417
4.599999905,0.09389849752
4.639999866,0.09951238334
4.679999828,0.1051742285
4.71999979,0.110868983
4.759999752,0.1165824607
4.799999714,0.1223014668
4.839999676,0.1280139089
4.880000114,0.1337089092
4.920000076,0.1393767744
4.960000038,0.1450091302
5,0.1505988091
5.039999962,0.1561399251
5.079999924,0.1616277546
5.119999886,0.1670586914
5.159999847,0.1724302173
5.199999809,0.1777407378
5.239999771,0.1829895377
5.279999733,0.1881766766
5.319999695,0.1933028698
5.359999657,0.1983693987
5.400000095,0.2033780366
5.440000057,0.2083308995
5.480000019,0.2132304013
5.519999981,0.2180791795
5.559999943,0.2228799611
5.599999905,0.2276356071
5.639999866,0.2323489338
5.679999828,0.2370227575
5.71999979,0.2416598201
5.759999752,0.2462627292
5.799999714,0.2508339882
5.839999676,0.2553759813
5.879999638,0.2598908246
5.920000076,0.264380604
5.960000038,0.2688471079
6,0.2732920051
6.039999962,0.2777168155
6.079999924,0.2821228802
6.119999886,0.2865113318
6.159999847,0.2908832431
6.199999809,0.2952394485
6.239999771,0.2995807528
6.279999733,0.3039077818
6.319999695,0.3082210422
6.359999657,0.3125210106
6.399999619,0.3168080151
6.440000057,0.3210823536
6.480000019,0.3253442049
6.519999981,0.3295937479
6.559999943,0.3338310122
6.599999905,0.3380561471
6.639999866,0.342269063
6.679999828,0.3464698195
6.71999979,0.3506583273
6.759999752,0.3548345268
6.799999714,0.3589983284
6.839999676,0.3631496131
6.879999638,0.3672882915
6.920000076,0.3714142442
6.960000038,0.3755272925
7,0.3796273172
7.039999962,0.3837141693
7.079999924,0.3877877295
7.119999886,0.3918478191
7.159999847,0.395894289
7.199999809,0.3999269903
7.239999771,0.4039457738
7.279999733,0.4079505503
7.319999695,0.4119411111
7.359999657,0.4159173071
7.399999619,0.4198790491
7.440000057,0.4238261878
7.480000019,0.4277585447
7.519999981,0.4316760302
7.559999943,0.4355784953
7.599999905,0.4394658208
7.639999866,0.4433379173
7.679999828,0.4471946359
7.71999979,0.451035887
7.759999752,0.4548615217
7.799999714,0.4586714506
7.839999676,0.4624655843
7.879999638,0.4662438333
7.919999599,0.4700060487
7.960000038,0.4737522006
8,0.4774821699
8.039999962,0.4811958373
8.079999924,0.484893173
8.119999886,0.4885740578
8.159999847,0.492238462
8.199999809,0.4958862662
8.239999771,0.4995173812
8.279999733,0.5031318069
8.319999695,0.506729424
8.359999657,0.5103102326
8.399999619,0.513874054
8.43999958,0.5174209476
8.479999542,0.5209508538
8.519999504,0.5244636536
8.559999466,0.5279592872
8.599999428,0.5314378142
8.63999939,0.5348991156
8.679999352,0.5383431315
8.720000267,0.5417699218
8.760000229,0.5451793075
8.800000191,0.5485714078
8.840000153,0.5519461036
8.880000114,0.5553033352
8.920000076,0.5586431623
8.960000038,0.5619655252
9,0.5652704239
9.039999962,0.5685577989
9.079999924,0.5718276501
9.119999886,0.5750799775
9.159999847,0.5783147216
9.199999809,0.5815319419
9.239999771,0.5847315788
9.279999733,0.5879136324
9.319999695,0.5910781026
9.359999657,0.5942249894
9.399999619,0.5973542929
9.43999958,0.6004660726
9.479999542,0.6035602093
9.519999504,0.6066368222
9.559999466,0.6096957922
9.599999428,0.612737298
9.63999939,0.6157611609
9.679999352,0.6187675595
9.719999313,0.6217564344
9.760000229,0.6247277856
9.800000191,0.627681613
9.840000153,0.6306179762
9.880000114,0.6335369349
9.920000076,0.6364384294
9.960000038,0.6393225193
10,0.6421892047
10.03999996,0.6450385451
10.07999992,0.6478706002
10.11999989,0.6506853104
10.15999985,0.6534827352
10.19999981,0.6562629342
10.23999977,0.6590259075
10.27999973,0.6617717147
10.31999969,0.6645003557
10.35999966,0.6672118902
10.39999962,0.6699063778
10.43999958,0.6725838184
10.47999954,0.6752442718
10.5199995,0.6778877974
10.55999947,0.6805143952
10.59999943,0.683124125
10.63999939,0.6857169867
10.67999935,0.6882930994
10.71999931,0.6908524632
10.76000023,0.6933951974
10.80000019,0.6959212422
10.84000015,0.6984306574
10.88000011,0.700923562
10.92000008,0.7033999562
10.96000004,0.7058599591
11,0.7083035111
11.03999996,0.7107307315
11.07999992,0.7131416798
11.11999989,0.7155364156
11.15999985,0.7179149389
11.19999981,0.7202773094
11.23999977,0.7226236463
11.27999973,0.7249540091
11.31999969,0.7272683382
11.35999966,0.7295668721
11.39999962,0.7318494916
11.43999958,0.7341163754
11.47999954,0.7363675237
11.5199995,0.7386029959
11.55999947,0.7408228517
11.59999943,0.7430272102
11.63999939,0.7452161312
11.67999935,0.7473896146
11.71999931,0.74954772
11.75999928,0.7516905665
11.80000019,0.7538182139
11.84000015,0.7559306622
11.88000011,0.7580280304
11.92000008,0.7601103783
11.96000004,0.7621777654
12,0.7642303109
12.03999996,0.7662679553
12.07999992,0.7682908773
12.11999989,0.770299077
12.15999985,0.7722926736
12.19999981,0.7742717266
12.23999977,0.7762362361
12.27999973,0.7781863809
12.31999969,0.7801221013
12.35999966,0.7820436358
12.39999962,0.7839508653
12.43999958,0.7858439684
12.47999954,0.7877230048
12.5199995,0.7895880342
12.55999947,0.7914391756
12.59999943,0.7932763696
12.63999939,0.7950997949
12.67999935,0.7969095111
12.71999931,0.7987055182
12.75999928,0.8004879951
12.79999924,0.8022569418
12.84000015,0.8040124178
12.88000011,0.8057545424
12.92000008,0.8074833751
12.96000004,0.8091989756
13,0.8109014034
13.03999996,0.8125907779
13.07999992,0.8142670989
13.11999989,0.8159304857
13.15999985,0.8175809383
13.19999981,0.8192186952
13.23999977,0.820843637
13.27999973,0.8224559426
13.31999969,0.8240556717
13.35999966,0.8256428838
13.39999962,0.8272176981
13.43999958,0.828780055
13.47999954,0.830330193
13.5199995,0.8318680525
13.55999947,0.8333937526
13.59999943,0.8349073529
13.63999939,0.8364089727
13.67999935,0.8378986716
13.71999931,0.8393764496
13.75999928,0.8408424258
13.79999924,0.8422967196
13.84000015,0.8437393308
13.88000011,0.8451703191
13.92000008,0.8465898037
13.96000004,0.8479979038
14,0.8493945599
14.03999996,0.8507799506
14.07999992,0.8521540761
14.11999989,0.8535170555
14.15999985,0.8548689485
14.19999981,0.8562098145
14.23999977,0.8575397134
14.27999973,0.8588587046
14.31999969,0.8601669073
14.35999966,0.8614643812
14.39999962,0.8627511859
14.43999958,0.8640273809
14.47999954,0.8652929664
14.5199995,0.8665481806
14.55999947,0.867792964
14.59999943,0.8690273762
14.63999939,0.8702515364
14.67999935,0.8714655042
14.71999931,0.8726693988
14.75999928,0.8738631606
14.79999924,0.8750469685
14.8399992,0.8762208223
14.88000011,0.8773848414
14.92000008,0.8785390854
14.96000004,0.8796835542
15,0.8808184266
15.03999996,0.8819436431
15.07999992,0.8830593824
15.11999989,0.8841656446
15.15999985,0.8852624893
15.19999981,0.8863499761
15.23999977,0.8874282837
15.27999973,0.888497293
15.31999969,0.8895572424
15.35999966,0.8906080723
15.39999962,0.8916499019
15.43999958,0.8926827908
15.47999954,0.8937067986
15.5199995,0.8947220445
15.55999947,0.8957284689
15.59999943,0.896726191
15.63999939,0.8977153301
15.67999935,0.8986958265
15.71999931,0.8996679187
15.75999928,0.9006314874
15.79999924,0.9015867114
15.8399992,0.9025335908
15.88000011,0.9034721851
15.92000008,0.9044026136
15.96000004,0.9053248763
16,0.9062390924
16.03999901,0.9071452618
16.07999992,0.9080435038
16.11999893,0.9089338183
16.15999985,0.9098162651
16.19999886,0.9106909037
16.23999977,0.9115579128
16.27999878,0.9124171734
16.31999969,0.9132688642
16.3599987,0.9141129255
16.39999962,0.9149495363
16.44000053,0.9157787561
16.47999954,0.9166005254
16.52000046,0.9174150229
16.55999947,0.9182221889
16.60000038,0.9190221429
16.63999939,0.9198149443
16.68000031,0.9206006527
16.71999931,0.9213793278
16.76000023,0.9221509695
16.79999924,0.9229156971
16.84000015,0.9236735106
16.87999916,0.9244245291
16.92000008,0.9251687527
16.95999908,0.9259061813
17,0.9266369939
17.03999901,0.9273611903
17.07999992,0.9280787706
17.11999893,0.928789854
17.15999985,0.9294945002
17.19999886,0.930192709
17.23999977,0.9308845401
17.27999878,0.9315700531
17.31999969,0.9322493076
17.3599987,0.9329223037
17.39999962,0.93358922
17.44000053,0.9342499375
17.47999954,0.934904635
17.52000046,0.9355533123
17.55999947,0.9361959696
17.60000038,0.9368327856
17.63999939,0.9374636412
17.68000031,0.9380887151
17.71999931,0.9387080073
17.76000023,0.9393215775
17.79999924,0.9399294853
17.84000015,0.9405317307
17.87999916,0.9411283731
17.92000008,0.9417194724
17.95999908,0.9423050284
18,0.9428851604
18.03999901,0.943459928
18.07999992,0.9440292716
18.11999893,0.9445933104
18.15999985,0.9451521039
18.19999886,0.9457055926
18.23999977,0.9462539554
18.27999878,0.9467971325
18.31999969,0.9473352432
18.3599987,0.947868228
18.39999962,0.9483962655
18.44000053,0.9489192963
18.47999954,0.9494373798
18.52000046,0.9499505758
18.55999947,0.9504589438
18.60000038,0.9509624839
18.63999939,0.9514612556
18.68000031,0.9519553185
18.71999931,0.9524446726
18.76000023,0.9529293776
18.79999924,0.9534094334
18.84000015,0.9538849592
18.87999916,0.9543559551
18.92000008,0.9548224211
18.95999908,0.9552844763
19,0.9557421207
19.03999901,0.9561953545
19.07999992,0.956644237
19.11999893,0.9570888877
19.15999985,0.9575291872
19.19999886,0.9579653144
19.23999977,0.9583972096
19.27999878,0.9588249922
19.31999969,0.959248662
19.3599987,0.9596682191
19.39999962,0.9600837231
19.43999863,0.9604952335
19.47999954,0.9609027505
19.52000046,0.9613063335
19.55999947,0.9617059827
19.60000038,0.9621017575
19.63999939,0.9624937177
19.68000031,0.9628818631
19.71999931,0.9632662535
19.76000023,0.9636468887
19.79999924,0.9640238285
19.84000015,0.9643970728
19.87999916,0.9647667408
19.92000008,0.9651327133
19.95999908,0.9654951096
20,0.9658540487
20.07999992,0.9665579796
20.15999985,0.9672481418
20.23999977,0.9679248333
20.31999969,0.9685884118
20.39999962,0.9692389965
20.47999954,0.9698768854
20.55999947,0.9705022573
20.63999939,0.9711153507
20.71999931,0.971716404
20.79999924,0.9723055959
20.87999916,0.9728831649
20.95999908,0.973449409
21.04000092,0.9740043879
21.12000084,0.9745483994
21.20000076,0.975081563
21.28000069,0.9756041765
21.36000061,0.9761164188
21.44000053,0.9766184092
21.52000046,0.9771103859
21.60000038,0.9775925279
21.68000031,0.9780650139
21.76000023,0.9785279036
21.84000015,0.9789814353
21.92000008,0.9794255495
22,0.9798603058
22.07999992,0.9802853465
22.15999985,0.9807001352
22.23999977,0.9811037779
22.31999969,0.9814944863
22.39999962,0.9818694592
22.47999954,0.9822245836
22.55999947,0.9825536609
22.63999939,0.9828477502
22.71999931,0.9830946922
22.79999924,0.9832783341
22.87999916,0.9833775163
22.95999908,0.9833657146
23.03999901,0.9832105041
23.12000084,0.9828733206
23.20000076,0.9823096395
23.28000069,0.9814711809
23.36000061,0.9803031683
23.44000053,0.9787493944
23.52000046,0.9767532945
23.60000038,0.9742600322
23.68000031,0.971219182
23.76000023,0.9675872326
23.84000015,0.9633299708
23.92000008,0.9584246278
24,0.9528612494
24.07999992,0.9466435313
24.15999985,0.939789176
24.23999977,0.9323292375
24.31999969,0.9243066907
24.39999962,0.9157748222
24.47999954,0.9067949653
24.55999947,0.897433579
24.63999939,0.8877600431
24.71999931,0.877843678
24.79999924,0.8677517176
24.87999916,0.8575468659
24.95999908,0.8472861648
25.03999901,0.8370193243
25.11999893,0.8267884254
25.20000076,0.8166277409
25.28000069,0.8065634966
25.36000061,0.7966147661
25.44000053,0.7867940068
25.52000046,0.7771078944
25.60000038,0.7675584555
25.68000031,0.7581439614
25.76000023,0.7488597631
25.84000015,0.7396995425
25.92000008,0.7306554317
26,0.721719265
26.07999992,0.7128826976
26.15999985,0.7041378021
26.23999977,0.6954771876
26.31999969,0.686894238
26.39999962,0.6783832908
26.47999954,0.6699394584
26.55999947,0.6615588069
26.63999939,0.6532381773
26.71999931,0.6449753046
26.79999924,0.6367684007
26.87999916,0.6286163926
26.95999908,0.6205185056
27.03999901,0.6124745607
27.11999893,0.6044846177
27.20000076,0.5965488553
27.28000069,0.5886679292
27.36000061,0.5808422565
27.44000053,0.5730727315
27.52000046,0.5653600097
27.60000038,0.5577049255
27.68000031,0.5501083136
27.76000023,0.5425709486
27.84000015,0.5350936651
27.92000008,0.5276772976
28,0.5203224421
28.07999992,0.513029933
28.15999985,0.505800426
28.23999977,0.4986344576
28.31999969,0.4915326834
28.39999962,0.48449561
28.47999954,0.4775237739
28.55999947,0.4706175923
28.63999939,0.4637774825
28.71999931,0.4570038319
28.79999924,0.4502969384
28.87999916,0.4436571598
28.95999908,0.4370846748
29.03999901,0.4305797517
29.11999893,0.4241425395
29.19999886,0.417773217
29.28000069,0.4114719033
29.36000061,0.4052386284
29.44000053,0.3990734816
29.52000046,0.3929764628
29.60000038,0.386947602
29.68000031,0.3809868395
29.76000023,0.3750940859
29.84000015,0.3692692816
29.92000008,0.3635123074
30,0.3578230143
30.07999992,0.3522012532
30.15999985,0.3466468453
30.23999977,0.3411595523
30.31999969,0.3357391655
30.39999962,0.3303854465
30.47999954,0.3250981271
30.55999947,0.3198769093
30.63999939,0.3147214949
30.71999931,0.3096315861
30.79999924,0.3046068251
30.87999916,0.2996468842
30.95999908,0.2947513759
31.03999901,0.2899199426
31.11999893,0.2851521969
31.19999886,0.2804477215
31.28000069,0.2758060992
31.36000061,0.2712269127
31.44000053,0.2667097449
31.52000046,0.2622541189
31.60000038,0.2578595579
31.68000031,0.2535256743
31.76000023,0.249251917
31.84000015,0.2450378388
31.92000008,0.2408829629
32,0.2367867678
32.07999802,0.2327487618
32.15999985,0.2287684381
32.23999786,0.2248452902
32.31999969,0.2209787816
32.40000153,0.2171684057
32.47999954,0.213413626
32.56000137,0.209713906
32.63999939,0.2060687244
32.72000122,0.2024775296
32.79999924,0.1989397854
32.88000107,0.1954549551
32.95999908,0.1920224875
33.04000092,0.1886418313
33.11999893,0.185312435
33.20000076,0.1820337474
33.27999878,0.178805232
33.36000061,0.1756263226
33.43999863,0.1724964827
33.52000046,0.1694151312
33.59999847,0.1663817465
33.68000031,0.1633957624
33.75999832,0.1604566276
33.84000015,0.1575637907
33.91999817,0.1547167003
34,0.1519148052
34.07999802,0.1491575837
34.15999985,0.1464444548
34.23999786,0.1437748969
34.31999969,0.1411483586
34.40000153,0.1385643035
34.47999954,0.1360221952
34.56000137,0.1335214972
34.63999939,0.1310616881
34.72000122,0.1286422163
34.79999924,0.1262625754
34.88000107,0.1239222288
34.95999908,0.1216206551
35.04000092,0.1193573549
35.11999893,0.117131792
35.20000076,0.1149434671
35.27999878,0.1127918735
35.36000061,0.1106765047
35.43999863,0.1085968539
35.52000046,0.1065524369
35.59999847,0.1045427546
35.68000031,0.1025673226
35.75999832,0.1006256491
35.84000015,0.09871726483
35.91999817,0.09684167802
36,0.09499843419
36.07999802,0.09318704903
36.15999985,0.09140706807
36.23999786,0.08965802938
36.31999969,0.08793947101
36.40000153,0.08625096083
36.47999954,0.08459202945
36.56000137,0.0829622522
36.63999939,0.08136118203
36.72000122,0.07978839427
36.79999924,0.07824344933
36.88000107,0.07672592998
36.95999908,0.07523541152
37.04000092,0.0737714842
37.11999893,0.07233373821
37.20000076,0.07092177123
37.27999878,0.06953516603
37.36000061,0.06817354262
37.43999863,0.06683649868
37.52000046,0.06552364677
37.59999847,0.06423460692
37.68000031,0.0629690066
37.75999832,0.06172645837
37.84000015,0.06050660089
37.91999817,0.05930906907
38,0.05813350156
38.07999802,0.05697954074
38.15999985,0.05584683269
38.23999786,0.05473503843
38.31999969,0.05364380777
38.39999771,0.05257280916
38.47999954,0.05152169988
38.56000137,0.05049015954
38.63999939,0.04947785661
38.72000122,0.0484844707
38.79999924,0.04750968888
38.88000107,0.04655319825
38.95999908,0.04561468959
39.04000092,0.04469385743
39.11999893,0.04379040375
39.20000076,0.04290403426
39.27999878,0.04203445837
39.36000061,0.04118138552
39.43999863,0.04034453258
39.52000046,0.03952362388
39.59999847,0.03871838376
39.68000031,0.03792853653
39.75999832,0.03715382144
39.84000015,0.03639397025
39.91999817,0.0356487222
40,0.0349178277
40.07999802,0.03420103341
40.15999985,0.03349808604
40.23999786,0.03280874714
40.31999969,0.03213277459
40.39999771,0.03146992624
40.47999954,0.03081997484
40.56000137,0.03018268757
40.63999939,0.02955783904
40.72000122,0.0289452076
40.79999924,0.02834456973
40.88000107,0.02775571309
40.95999908,0.02717842348
41.04000092,0.02661249228
41.11999893,0.02605771273
41.20000076,0.02551388182
41.27999878,0.02498080209
41.36000061,0.02445827425
41.43999863,0.0239461083
41.52000046,0.02344411053
41.59999847,0.02295209654
41.68000031,0.02246988192
41.75999832,0.02199728414
41.84000015,0.02153412625
41.91999817,0.02108023502
42,0.02063543536
42.07999802,0.02019955777
42.15999985,0.01977243833
42.23999786,0.01935391128
42.31999969,0.01894381456
42.39999771,0.01854199357
42.47999954,0.01814828813
42.56000137,0.01776254922
42.63999939,0.01738462225
42.72000122,0.01701436192
42.79999924,0.01665162295
42.88000107,0.01629626192
42.95999908,0.01594813727
43.04000092,0.01560711209
43.11999893,0.01527305041
43.20000076,0.01494581904
43.27999878,0.01462528668
43.36000061,0.01431132481
43.43999863,0.01400380675
43.52000046,0.01370260771
43.59999847,0.01340760663
43.68000031,0.01311868243
43.75999832,0.01283571776
43.84000015,0.01255859807
43.91999817,0.01228720788
44,0.01202143542
44.07999802,0.01176117267
44.15999985,0.01150635164
44.23999786,0.01125676744
44.31999969,0.01101238001
44.39999771,0.01077308878
44.47999954,0.01053878944
44.55999756,0.01030938234
44.63999939,0.01008476969
44.72000122,0.00986485742
44.79999924,0.009649551474
44.88000107,0.009438759647
44.95999908,0.009232393466
45.04000092,0.009030365385
45.11999893,0.008832586929
45.20000076,0.008638974279
45.27999878,0.008449444547
45.36000061,0.008263915777
45.43999863,0.008082307875
45.52000046,0.007904541679
45.59999847,0.007730539422
45.68000031,0.007560226601
45.75999832,0.007393528242
45.84000015,0.007230371237
45.91999817,0.007070683874
46,0.006914396305
46.07999802,0.006761439145
46.15999985,0.006611744873
46.23999786,0.006465247832
46.31999969,0.006321881898
46.39999771,0.00618158374
46.47999954,0.006044290494
46.55999756,0.005909940694
46.63999939,0.005778474733
46.72000122,0.005649832543
46.79999924,0.005523956846
46.88000107,0.005400790833
46.95999908,0.005280278157
47.04000092,0.005162364338
47.11999893,0.005046996288
47.20000076,0.004934120923
47.27999878,0.004823686555
47.36000061,0.004715643357
47.43999863,0.004609941039
47.52000046,0.004506531172
47.59999847,0.004405366257
47.68000031,0.004306399263
47.75999832,0.004209585022
47.84000015,0.004114877898
47.91999817,0.004022234585
48,0.003931611776
48.07999802,0.003842966631
48.15999985,0.003756258171
48.23999786,0.003671445651
48.31999969,0.003588489257
48.39999771,0.003507350106
48.47999954,0.003427989548
48.55999756,0.003350370564
48.63999939,0.003274456365
48.72000122,0.003200210398
48.79999924,0.003127597971
48.88000107,0.003056584392
48.95999908,0.002987135667
49.04000092,0.002919218503
49.11999893,0.002852800535
49.20000076,0.002787849866
49.27999878,0.002724335296
49.36000061,0.002662226092
49.43999863,0.002601492452
49.52000046,0.002542105038
49.59999847,0.002484034747
49.68000031,0.002427253872
49.75999832,0.002371734474
49.84000015,0.002317449544
49.91999817,0.002264372539
50,0.002212477382