       295.8800        295.3300        294.6400        293.8100        292.9300        292.0000        291.0400        290.0400        289.0000        287.9200        286.8000        285.6400        284.4200        283.1300        281.7300        280.2000        278.5500        276.7500        274.8100        272.7000
       295.9300        295.4400        294.7500        293.8600        292.9600        292.0300        291.0700        290.0700        289.0200        287.9300        286.8100        285.6500        284.4300        283.1400        281.7500        280.2300        278.5800        276.7800        274.8300        272.7200
       295.9600        295.4900        294.7900        293.8900        293.0000        292.0800        291.1400        290.1500        289.0600        287.9500        286.8200        285.6600        284.4500        283.1700        281.7900        280.2900        278.6400        276.8400        274.8800        272.7600
       295.9500        295.4900        294.8100        293.9400        293.0700        292.1700        291.2400        290.2900        289.1100        287.9500        286.8100        285.6600        284.4500        283.2000        281.8600        280.3800        278.7500        276.9500        274.9600        272.8200
       295.9100        295.4400        294.7800        293.9700        293.1600        292.2900        291.3500        290.3700        289.1300        287.9500        286.7900        285.6400        284.4400        283.2000        281.9000        280.4500        278.8300        277.0300        275.0400        272.9000
       295.8300        295.3000        294.6700        293.9800        293.3100        292.4800        291.5100        290.4200        289.1200        287.9100        286.7400        285.5900        284.4000        283.1800        281.9100        280.4900        278.8900        277.1100        275.1300        272.9900
       295.7600        295.2200        294.6100        293.9600        293.3300        292.4900        291.4900        290.3400        289.0300        287.8100        286.6400        285.5100        284.3400        283.1500        281.9100        280.5100        278.9400        277.1900        275.2400        273.1100
       295.7300        295.1800        294.5700        293.9100        293.2500        292.3600        291.2900        290.1000        288.8000        287.6100        286.4900        285.3900        284.2600        283.0900        281.8800        280.5200        278.9900        277.2800        275.3700        273.2600
       295.7400        295.1800        294.5400        293.8300        293.0900        292.0900        290.8800        289.6500        288.4200        287.3100        286.2500        285.2400        284.1600        283.0300        281.8400        280.5100        279.0300        277.3600        275.5000        273.4100
       295.7900        295.2200        294.5500        293.7700        292.8700        291.7400        290.2100        288.9200        287.8600        286.8800        285.9400        285.1000        284.0800        282.9700        281.7800        280.4900        279.0500        277.4400        275.6400        273.5800
       295.9100        295.3200        294.6300        293.8000        292.8500        291.7500        290.4900        289.2800        288.1600        287.1100        286.0900        285.1000        284.0500        282.9400        281.7800        280.5300        279.1600        277.5900        275.8400        273.8100
       296.1000        295.5100        294.7900        293.9300        292.9600        291.8600        290.6900        289.5200        288.3700        287.2600        286.1700        285.0900        284.0300        282.9400        281.8100        280.6400        279.3700        277.8300        276.1200        274.1300
       296.3900        295.8100        295.0400        294.1300        293.1300        292.0200        290.8600        289.6700        288.5000        287.3500        286.2200        285.1000        284.0300        282.9400        281.8600        280.8100        279.8100        278.1500        276.4800        274.5900
       296.0300        295.4300        294.7000        293.8500        292.9000        291.8200        290.6800        289.5400        288.4200        287.3200        286.2500        285.1900        284.1400        283.1000        282.0600        281.0600        280.1300        278.2600        276.4000        274.3400
       295.7500        295.1600        294.4500        293.6300        292.7100        291.6500        290.4700        289.3300        288.2600        287.2400        286.2300        285.2300        284.2300        283.2300        282.2200        281.2300        280.2700        278.2800        276.3100        274.1800
       295.5400        294.9600        294.2800        293.4900        292.6000        291.5500        290.1800        289.0100        288.0400        287.1000        286.1900        285.2600        284.3100        283.3300        282.3500        281.3400        280.1800        278.1600        276.1700        274.0100
       295.4000        294.8200        294.1600        293.4100        292.5900        291.7400        290.7300        289.7200        288.7600        287.7900        286.8200        285.8100        284.7300        283.5300        282.3500        281.1000        279.6800        277.9000        275.9600        273.8300
       295.2900        294.7300        294.0800        293.3500        292.5700        291.7800        290.9900        290.1000        289.1700        288.2000        287.1900        286.1200        284.9500        283.6300        282.3200        280.9500        279.4100        277.6600        275.7500        273.6300
       295.2200        294.6500        294.0200        293.3100        292.5500        291.7800        291.0500        290.2000        289.2800        288.3100        287.2900        286.1900        284.9900        283.6400        282.2700        280.8300        279.2300        277.4700        275.5400        273.4200
       295.1700        294.6000        293.9800        293.2700        292.5100        291.7200        290.9100        290.0400        289.1200        288.1500        287.1300        286.0300        284.8500        283.5600        282.1900        280.7100        279.1000        277.3200        275.3800        273.2700
       295.1300        294.5700        293.9500        293.2500        292.4900        291.6800        290.8400        289.9600        289.0200        288.0500        287.0200        285.9300        284.7500        283.4900        282.1100        280.6200        278.9900        277.2100        275.2700        273.1600
       295.1100        294.5500        293.9300        293.2300        292.4700        291.6600        290.8000        289.9100        288.9700        287.9800        286.9500        285.8700        284.7000        283.4400        282.0600        280.5600        278.9200        277.1300        275.2000        273.0900
       295.0900        294.5400        293.9200        293.2200        292.4600        291.6400        290.7900        289.8900        288.9400        287.9600        286.9200        285.8400        284.6800        283.4200        282.0300        280.5300        278.8800        277.1000        275.1600        273.0600
