       295.8500        295.3200        294.6400        293.8100        292.9300        292.0000        291.0400        290.0400        289.0000        287.9100        286.8000        285.6400        284.4200        283.1200        281.7200        280.2000        278.5400        276.7400        274.8100        272.8500
       295.8900        295.4200        294.7300        293.8600        292.9600        292.0300        291.0700        290.0700        289.0200        287.9300        286.8000        285.6400        284.4300        283.1400        281.7400        280.2200        278.5700        276.7700        274.8300        272.8700
       295.9200        295.4700        294.7800        293.8900        293.0000        292.0800        291.1300        290.1400        289.0600        287.9500        286.8100        285.6500        284.4400        283.1600        281.7800        280.2800        278.6300        276.8300        274.8800        272.9200
       295.9200        295.4700        294.7900        293.9300        293.0700        292.1700        291.2300        290.2700        289.1100        287.9500        286.8100        285.6500        284.4500        283.1900        281.8500        280.3700        278.7300        276.9300        274.9600        272.9800
       295.8700        295.4200        294.7700        293.9600        293.1600        292.2900        291.3500        290.3500        289.1300        287.9500        286.7900        285.6300        284.4300        283.1900        281.8900        280.4300        278.8100        277.0200        275.0400        273.0600
       295.7900        295.2900        294.6700        293.9800        293.2900        292.4600        291.4900        290.3900        289.1200        287.9100        286.7400        285.5800        284.4000        283.1800        281.9000        280.4700        278.8800        277.1000        275.1300        273.1500
       295.7300        295.2200        294.6100        293.9600        293.3100        292.4700        291.4600        290.3100        289.0200        287.8100        286.6400        285.5000        284.3400        283.1400        281.8900        280.5000        278.9300        277.1800        275.2400        273.2600
       295.7000        295.1800        294.5700        293.9000        293.2200        292.3400        291.2600        290.0700        288.8000        287.6100        286.4800        285.3900        284.2600        283.0900        281.8700        280.5100        278.9800        277.2600        275.3700        273.4100
       295.7000        295.1700        294.5400        293.8300        293.0600        292.0700        290.8600        289.6300        288.4200        287.3100        286.2500        285.2400        284.1600        283.0300        281.8300        280.5000        279.0100        277.3500        275.4900        273.5600
       295.7500        295.2100        294.5500        293.7600        292.8600        291.7400        290.2800        289.0100        287.9200        286.9200        285.9800        285.1000        284.0800        282.9700        281.7800        280.4800        279.0400        277.4300        275.6400        273.7300
       295.8700        295.3200        294.6200        293.8000        292.8500        291.7400        290.4900        289.2900        288.1700        287.1100        286.0900        285.1000        284.0500        282.9400        281.7700        280.5200        279.1500        277.5900        275.8400        273.9600
       296.0600        295.5000        294.7800        293.9200        292.9500        291.8600        290.6900        289.5100        288.3700        287.2600        286.1700        285.0900        284.0300        282.9400        281.8100        280.6300        279.3700        277.8200        276.1200        274.2800
       296.3000        295.7500        294.9900        294.0900        293.1000        292.0000        290.8300        289.6500        288.4900        287.3500        286.2200        285.1100        284.0400        282.9500        281.8700        280.8100        279.7600        278.1300        276.4400        274.6800
       295.9900        295.4200        294.7000        293.8500        292.8900        291.8200        290.6800        289.5300        288.4100        287.3200        286.2500        285.1900        284.1400        283.1000        282.0600        281.0600        280.0600        278.2500        276.3900        274.4900
       295.7100        295.1500        294.4500        293.6300        292.7100        291.6500        290.4700        289.3300        288.2600        287.2400        286.2300        285.2300        284.2300        283.2200        282.2200        281.2200        280.1900        278.2600        276.3000        274.3300
       295.5100        294.9600        294.2700        293.4900        292.5900        291.5500        290.2400        289.0900        288.1000        287.1600        286.2300        285.2900        284.3300        283.3400        282.3400        281.3000        280.1000        278.1500        276.1600        274.1700
       295.3600        294.8200        294.1600        293.4000        292.5800        291.7200        290.7200        289.7100        288.7400        287.7800        286.8000        285.7900        284.7100        283.5200        282.3400        281.0900        279.6700        277.8900        275.9600        273.9800
       295.2500        294.7200        294.0800        293.3500        292.5700        291.7700        290.9700        290.0800        289.1400        288.1700        287.1600        286.0900        284.9300        283.6200        282.3100        280.9400        279.4000        277.6500        275.7500        273.7900
       295.1800        294.6500        294.0200        293.3100        292.5400        291.7700        291.0300        290.1700        289.2600        288.2900        287.2600        286.1600        284.9600        283.6300        282.2600        280.8200        279.2200        277.4600        275.5400        273.5800
       295.1300        294.6000        293.9700        293.2700        292.5100        291.7200        290.9100        290.0400        289.1200        288.1500        287.1200        286.0300        284.8400        283.5500        282.1800        280.7100        279.0900        277.3100        275.3900        273.4300
       295.0900        294.5600        293.9400        293.2400        292.4800        291.6800        290.8400        289.9600        289.0200        288.0500        287.0200        285.9200        284.7500        283.4800        282.1100        280.6100        278.9800        277.2000        275.2700        273.3200
       295.0700        294.5400        293.9200        293.2200        292.4600        291.6500        290.8000        289.9100        288.9700        287.9800        286.9500        285.8600        284.7000        283.4300        282.0500        280.5500        278.9100        277.1300        275.2000        273.2500
       295.0500        294.5300        293.9100        293.2100        292.4500        291.6400        290.7800        289.8800        288.9400        287.9600        286.9200        285.8300        284.6700        283.4100        282.0300        280.5200        278.8700        277.0900        275.1700        273.2100
