       295.8600        295.3300        294.6400        293.8100        292.9300        292.0000        291.0400        290.0400        289.0000        287.9200        286.8000        285.6400        284.4200        283.1300        281.7200        280.2000        278.5400        276.7500        274.8100        272.7800
       295.9100        295.4300        294.7400        293.8600        292.9600        292.0300        291.0700        290.0700        289.0200        287.9300        286.8000        285.6400        284.4300        283.1400        281.7400        280.2300        278.5700        276.7800        274.8300        272.8000
       295.9400        295.4800        294.7800        293.8900        293.0000        292.0800        291.1400        290.1400        289.0600        287.9500        286.8200        285.6600        284.4500        283.1700        281.7900        280.2800        278.6400        276.8400        274.8800        272.8400
       295.9400        295.4800        294.8000        293.9400        293.0700        292.1700        291.2300        290.2800        289.1100        287.9500        286.8100        285.6600        284.4500        283.1900        281.8600        280.3800        278.7400        276.9400        274.9600        272.9000
       295.8900        295.4300        294.7700        293.9600        293.1600        292.2900        291.3500        290.3600        289.1300        287.9500        286.7900        285.6400        284.4400        283.2000        281.8900        280.4400        278.8200        277.0300        275.0400        272.9800
       295.8100        295.2900        294.6700        293.9800        293.3000        292.4700        291.5000        290.4100        289.1200        287.9100        286.7400        285.5900        284.4000        283.1800        281.9100        280.4800        278.8800        277.1100        275.1300        273.0700
       295.7500        295.2200        294.6100        293.9600        293.3200        292.4800        291.4800        290.3300        289.0200        287.8100        286.6400        285.5000        284.3400        283.1400        281.9000        280.5000        278.9400        277.1900        275.2400        273.1900
       295.7100        295.1800        294.5700        293.9000        293.2400        292.3500        291.2700        290.0800        288.8000        287.6100        286.4800        285.3900        284.2600        283.0900        281.8800        280.5100        278.9800        277.2700        275.3700        273.3400
       295.7200        295.1700        294.5400        293.8300        293.0700        292.0800        290.8700        289.6400        288.4200        287.3100        286.2500        285.2400        284.1600        283.0300        281.8400        280.5100        279.0200        277.3500        275.5000        273.4900
       295.7700        295.2100        294.5500        293.7700        292.8600        291.7400        290.2500        288.9600        287.8900        286.9000        285.9600        285.1000        284.0800        282.9700        281.7800        280.4800        279.0500        277.4400        275.6400        273.6600
       295.8900        295.3200        294.6200        293.8000        292.8500        291.7400        290.4900        289.2800        288.1600        287.1100        286.0900        285.1000        284.0500        282.9400        281.7700        280.5200        279.1500        277.5900        275.8400        273.8800
       296.0800        295.5100        294.7900        293.9300        292.9500        291.8600        290.6900        289.5100        288.3700        287.2600        286.1700        285.0900        284.0300        282.9400        281.8100        280.6400        279.3700        277.8300        276.1200        274.2000
       296.3500        295.7800        295.0100        294.1100        293.1200        292.0100        290.8400        289.6600        288.5000        287.3500        286.2200        285.1000        284.0300        282.9500        281.8600        280.8100        279.7800        278.1400        276.4600        274.6400
       296.0100        295.4300        294.7000        293.8500        292.8900        291.8200        290.6800        289.5300        288.4100        287.3200        286.2500        285.1900        284.1400        283.1000        282.0600        281.0600        280.1000        278.2600        276.4000        274.4200
       295.7300        295.1500        294.4500        293.6300        292.7100        291.6500        290.4700        289.3300        288.2600        287.2400        286.2300        285.2300        284.2300        283.2200        282.2200        281.2300        280.2300        278.2700        276.3000        274.2500
       295.5200        294.9600        294.2800        293.4900        292.5900        291.5500        290.2100        289.0500        288.0700        287.1300        286.2100        285.2700        284.3200        283.3400        282.3500        281.3200        280.1400        278.1600        276.1600        274.0900
       295.3800        294.8200        294.1600        293.4100        292.5800        291.7300        290.7200        289.7200        288.7500        287.7800        286.8100        285.8000        284.7200        283.5200        282.3400        281.1000        279.6700        277.8900        275.9600        273.9100
       295.2700        294.7200        294.0800        293.3500        292.5700        291.7700        290.9800        290.0900        289.1500        288.1800        287.1800        286.1100        284.9400        283.6300        282.3200        280.9400        279.4100        277.6600        275.7500        273.7100
       295.2000        294.6500        294.0200        293.3100        292.5400        291.7800        291.0400        290.1900        289.2700        288.3000        287.2700        286.1800        284.9800        283.6300        282.2700        280.8200        279.2300        277.4600        275.5400        273.5000
       295.1400        294.6000        293.9800        293.2700        292.5100        291.7200        290.9100        290.0400        289.1200        288.1500        287.1200        286.0300        284.8400        283.5600        282.1900        280.7100        279.0900        277.3100        275.3800        273.3500
       295.1100        294.5700        293.9400        293.2400        292.4800        291.6800        290.8400        289.9600        289.0200        288.0500        287.0200        285.9200        284.7500        283.4800        282.1100        280.6100        278.9800        277.2000        275.2700        273.2400
       295.0900        294.5400        293.9200        293.2300        292.4700        291.6600        290.8000        289.9100        288.9700        287.9800        286.9500        285.8600        284.7000        283.4400        282.0600        280.5500        278.9100        277.1300        275.2000        273.1700
       295.0700        294.5300        293.9100        293.2200        292.4500        291.6400        290.7800        289.8800        288.9400        287.9600        286.9200        285.8300        284.6800        283.4100        282.0300        280.5200        278.8800        277.0900        275.1700        273.1400
