       295.8700        295.3300        294.6400        293.8200        292.9300        292.0000        291.0400        290.0400        289.0000        287.9200        286.8000        285.6400        284.4300        283.1300        281.7300        280.2100        278.5500        276.7500        274.8100        272.6800
       295.9200        295.4500        294.7600        293.8600        292.9600        292.0300        291.0700        290.0700        289.0200        287.9300        286.8100        285.6500        284.4300        283.1500        281.7500        280.2400        278.5800        276.7800        274.8300        272.7000
       295.9500        295.5000        294.8000        293.9000        293.0000        292.0800        291.1400        290.1500        289.0600        287.9500        286.8200        285.6600        284.4500        283.1700        281.8000        280.2900        278.6500        276.8500        274.8800        272.7400
       295.9400        295.5000        294.8200        293.9400        293.0700        292.1700        291.2400        290.3000        289.1100        287.9500        286.8100        285.6600        284.4600        283.2000        281.8700        280.3900        278.7500        276.9500        274.9600        272.8100
       295.9000        295.4500        294.7900        293.9700        293.1600        292.2900        291.3500        290.3800        289.1300        287.9500        286.7900        285.6400        284.4400        283.2000        281.9100        280.4500        278.8400        277.0400        275.0400        272.8800
       295.8100        295.3000        294.6700        293.9800        293.3200        292.4900        291.5300        290.4300        289.1200        287.9200        286.7400        285.5900        284.4000        283.1800        281.9200        280.4900        278.9000        277.1200        275.1300        272.9700
       295.7500        295.2200        294.6100        293.9600        293.3400        292.5100        291.5000        290.3500        289.0300        287.8100        286.6500        285.5100        284.3400        283.1500        281.9100        280.5200        278.9500        277.2000        275.2400        273.0900
       295.7200        295.1800        294.5700        293.9100        293.2600        292.3700        291.3000        290.1100        288.8000        287.6200        286.4900        285.3900        284.2600        283.1000        281.8900        280.5300        279.0000        277.2900        275.3700        273.2400
       295.7300        295.1800        294.5400        293.8300        293.0900        292.1000        290.8900        289.6500        288.4200        287.3100        286.2500        285.2500        284.1700        283.0300        281.8500        280.5200        279.0300        277.3700        275.5000        273.3900
       295.7800        295.2200        294.5500        293.7700        292.8700        291.7400        290.1700        288.8800        287.8300        286.8500        285.9300        285.1000        284.0800        282.9700        281.7800        280.4900        279.0500        277.4400        275.6400        273.5600
       295.8900        295.3200        294.6300        293.8000        292.8500        291.7500        290.4900        289.2800        288.1600        287.1100        286.0900        285.1000        284.0500        282.9400        281.7800        280.5300        279.1600        277.6000        275.8500        273.7900
       296.0900        295.5200        294.7900        293.9300        292.9600        291.8700        290.6900        289.5200        288.3700        287.2600        286.1700        285.0900        284.0300        282.9400        281.8100        280.6400        279.3800        277.8300        276.1300        274.1200
       296.4000        295.8400        295.0600        294.1500        293.1500        292.0400        290.8700        289.6800        288.5100        287.3600        286.2200        285.0900        284.0300        282.9400        281.8500        280.8000        279.8300        278.1600        276.4900        274.6100
       296.0200        295.4400        294.7100        293.8600        292.9000        291.8300        290.6800        289.5400        288.4200        287.3200        286.2500        285.1900        284.1400        283.1000        282.0600        281.0700        280.1700        278.2700        276.4000        274.3300
       295.7400        295.1600        294.4500        293.6400        292.7100        291.6500        290.4700        289.3300        288.2600        287.2400        286.2300        285.2300        284.2300        283.2300        282.2200        281.2400        280.3100        278.2800        276.3100        274.1600
       295.5300        294.9600        294.2800        293.4900        292.6000        291.5500        290.1400        288.9700        288.0100        287.0800        286.1700        285.2400        284.3000        283.3300        282.3600        281.3600        280.2200        278.1700        276.1700        274.0000
       295.3900        294.8300        294.1600        293.4100        292.5900        291.7500        290.7400        289.7300        288.7600        287.8000        286.8300        285.8200        284.7400        283.5300        282.3500        281.1100        279.6900        277.9000        275.9700        273.8200
       295.2800        294.7300        294.0800        293.3600        292.5700        291.7800        291.0000        290.1100        289.1800        288.2100        287.2000        286.1300        284.9600        283.6300        282.3200        280.9500        279.4200        277.6700        275.7600        273.6200
       295.2100        294.6600        294.0200        293.3100        292.5500        291.7800        291.0600        290.2100        289.2900        288.3200        287.3000        286.2000        285.0000        283.6400        282.2700        280.8300        279.2400        277.4700        275.5400        273.4100
       295.1500        294.6100        293.9800        293.2800        292.5100        291.7200        290.9100        290.0500        289.1200        288.1500        287.1300        286.0300        284.8500        283.5600        282.2000        280.7200        279.1000        277.3200        275.3800        273.2500
       295.1200        294.5700        293.9500        293.2500        292.4900        291.6800        290.8400        289.9600        289.0200        288.0500        287.0200        285.9300        284.7600        283.4900        282.1200        280.6200        278.9900        277.2100        275.2700        273.1400
       295.0900        294.5500        293.9300        293.2300        292.4700        291.6600        290.8000        289.9100        288.9700        287.9800        286.9500        285.8700        284.7000        283.4400        282.0600        280.5600        278.9200        277.1400        275.2000        273.0700
       295.0800        294.5400        293.9200        293.2200        292.4600        291.6400        290.7900        289.8900        288.9400        287.9600        286.9200        285.8400        284.6800        283.4200        282.0400        280.5300        278.8900        277.1000        275.1700        273.0400
